time,x,y,z,phi,theta,psi,x_velocity,y_velocity,z_velocity,phi_velocity,theta_velocity,psi_velocity,rotor_speed1,rotor_speed2,rotor_speed3,rotor_speed4
1.560000000000001,-4.70023529203,-2.60071698485,0.0,3.62282760135,4.90413294103,0.0,-5.23787698738,-1.40629143931,-12.3587127629,-6.85890089054,13.7247362123,0.0,457.725175884,657.041229093,355.961455821,333.765135238,1,-65.1046775623
1.560000000000001,-4.77970209324,-2.46299787941,0.0,3.48658431601,4.93134039126,0.0,-5.26722960983,-1.24973061547,-12.2560025495,-7.14885487789,13.6441284851,0.0,458.791539639,655.544070786,356.83313888,326.584212659,2,-65.653670884
1.5000000000000009,-5.12380304829,-2.33780004189,0.0,1.40808798467,4.50414083327,0.0,-5.26755085816,-1.62655206597,-15.8914567742,-16.6429788519,-13.5587669464,0.0,633.735491733,492.84494622,568.207516822,31.2583417033,3,-59.4930875727
1.3800000000000008,0.134733673823,0.156857056292,0.0,0.548332268707,3.05827608634,0.0,1.81758437601,-1.95919043132,-14.9405101671,-23.3733450012,-14.537719641,0.0,441.062760162,288.878017279,716.556398686,77.7845079843,4,-7.83667820997
1.3200000000000007,2.10586276364,-2.67819034058,0.0,6.17836090334,4.12883787189,0.0,2.47416449358,-4.42431642213,-15.5724548858,-19.83102101,-20.9753110407,0.0,604.761839887,184.470283204,714.622810925,28.6382029503,5,-29.7700050426
2.4600000000000017,-3.46927206711,-13.2601678508,0.0,4.52584679995,0.748195730103,0.0,-0.00871180367667,-12.4101330075,-12.6812187521,-28.7672092729,-8.95055234184,0.0,18.6786368029,264.109671176,897.779372617,18.2268256583,6,-206.141719874
2.820000000000002,-6.16970372349,-14.6837168685,0.0,3.25900796312,3.17925013166,0.0,-6.17991948578,-7.84023482676,-14.0697176352,-11.3146366723,22.792945427,0.0,0.231930941065,777.824225925,899.850201841,850.344504928,7,-259.204885356
1.5000000000000009,1.31103814282,-2.71101323304,0.0,4.59769515438,0.137461149646,0.0,0.869374413134,-3.34140655063,-16.8084186135,-28.4727174336,-10.9741281401,0.0,162.567015898,31.618500693,882.011719773,26.6268107408,8,-13.4267132776
1.2600000000000007,-7.57370318051,0.377019503364,0.0,0.930059507163,5.42313723267,0.0,-8.51911805641,-0.0991854062127,-14.9405989632,-27.9386994567,4.61265171649,0.0,-0.485240952272,319.5632083,899.816870441,105.488647135,9,-64.0292964005
1.5000000000000009,-2.57988976929,-1.38305301962,0.0,4.31479632782,0.0600976582862,0.0,-1.32294656498,-1.2893970331,-16.3742219418,-13.4007837977,22.8101544557,0.0,-0.480612033454,881.083814573,899.579810384,896.766944433,10,-36.1070977759
1.620000000000001,-1.30314668993,-0.137321735729,0.0,6.26376090909,2.67040855957,0.0,0.207585314034,0.612938325446,-13.3147781061,-23.6471767029,17.5888346795,0.0,-0.11082706953,165.671237063,899.875961109,139.288441251,11,-30.0442893786
1.3800000000000008,-6.92027530761,-0.867346406759,0.0,5.93672828258,2.9173471267,0.0,-11.4113335651,-1.98545308305,-13.8434657482,-25.0631237091,2.69879325684,0.0,0.449722626284,42.6211317816,900.438523452,320.778517941,12,-50.0951862152
1.8000000000000012,-5.55787756068,-2.64248611836,0.0,3.2402494788,4.09188364933,0.0,-4.18299388612,1.52158217825,-15.0969073152,-28.1412469391,7.28846001651,0.0,0.453855553067,69.3461250302,899.986928271,76.0732779331,13,-94.0970639426
1.620000000000001,-0.147220928628,1.9624876421,0.0,6.20180092468,0.219417165308,0.0,-0.327287221267,1.70859578763,-14.2806445958,-28.7922815613,-1.61381735016,0.0,291.011934322,1.24673419505,898.471891233,-0.0268204265369,14,-22.5694143546
1.560000000000001,-0.00647102762799,1.97598932647,0.0,1.95874005511,0.0477629895579,0.0,-0.0236002485896,1.19526778472,-14.4770410514,-28.8097150108,-0.896259269025,0.0,215.803604761,0.811086334299,899.313642998,0.500488907889,15,-20.9330984196
1.740000000000001,-1.29258493593,0.69539665315,0.0,2.28948027865,5.43796973362,0.0,3.17379685616,0.618694862302,-14.207480524,-28.8233436689,2.30918555809,0.0,-0.228728688685,-0.4053730184,899.563543407,0.225718419879,16,-21.5099796063
1.620000000000001,0.780740065296,0.24375752749,0.0,0.860283664018,1.30218722832,0.0,0.363909848924,0.365742791363,-14.3796245416,-28.826061716,3.3470172424,0.0,0.422612899653,-0.175847818405,899.851513015,-0.206086879333,17,-2.61903562108
1.3800000000000008,2.87379373776,2.18327531075,0.0,0.603205718451,2.7521474442,0.0,0.072912091622,2.13686307555,-14.9140332999,-28.8445703756,4.54476094567,0.0,1.02573924783,-0.469636189258,900.407197604,-0.133209774397,18,-53.6375842522
1.5000000000000009,-0.23416820323,-1.89087959306,0.0,4.18768063324,2.43620973943,0.0,-3.24756359815,-1.5191185468,-14.2090260955,-28.843781651,3.06438019068,0.0,0.830911738527,-0.235346870641,900.286099755,-0.183081375007,19,-20.2932608941
1.5000000000000009,-6.13722693247,-0.178210138117,0.0,1.12719325047,4.36430628435,0.0,-1.71479521932,-0.0465158584643,-14.5064442994,-28.831972527,1.55255324908,0.0,-0.466514742486,-0.15424619432,899.764941783,-0.0193987262206,20,-70.4538714165
1.620000000000001,-8.25839316532,1.36139766222,0.0,5.97466140257,3.27753514345,0.0,-8.83472970659,0.566229920726,-13.3750065892,-28.8447682201,1.5870808728,0.0,-0.346189376415,0.292773433298,900.139467391,0.0178249328517,21,-74.9657387883
1.620000000000001,-4.3844010237,1.75278757406,0.0,6.20154163138,1.17710777926,0.0,-8.31937516282,1.2591271977,-14.1932878708,-28.8279728786,0.756257028466,0.0,-0.10477245041,-0.290848360653,899.699341237,-0.486316094323,22,-46.0094485119
1.560000000000001,-1.92227932371,1.80677930364,0.0,1.77589390693,0.571738139234,0.0,-3.9309864637,1.14704070195,-14.0481040419,-28.8240271234,0.41130236395,0.0,0.463122127176,-0.566750757761,899.641658964,0.0122564718534,23,-27.1184492926
1.560000000000001,-1.32536566284,1.81270274743,0.0,1.75239411969,0.406646506259,0.0,-2.71539629912,1.15246307758,-14.1641152923,-28.8522916058,0.300282854596,0.0,0.649040390574,0.376581897849,900.68472958,-0.67981082386,24,-24.0770186019
1.560000000000001,-1.04077681339,1.82755819363,0.0,1.7747760763,0.319614322031,0.0,-2.11262718919,1.15531262166,-14.2256227536,-28.8386673047,0.236950368353,0.0,0.208724121705,0.450559972101,900.183510867,0.0841963750472,25,-22.944171877
1.560000000000001,-0.70181348751,1.81170112624,0.0,1.74963111152,0.218193085889,0.0,-1.41769954516,1.15334129847,-14.2443464737,-28.8471253086,0.163730325494,0.0,0.01612113778,0.372086106639,900.376749595,0.0909878861243,26,-20.4859603014
1.560000000000001,-0.771485267532,1.85612166669,0.0,1.78096366673,0.243327010627,0.0,-1.57086739593,1.1740948954,-14.2739156805,-28.8439177387,0.183504814098,0.0,0.741569530019,0.22479394516,900.136633928,0.399086816963,27,-21.9182994953
1.560000000000001,-0.832372731505,1.89128068853,0.0,1.81880815655,0.258185164653,0.0,-1.68265819642,1.18675492031,-14.3249029501,-28.8446429703,0.192629470617,0.0,-0.924247007779,0.411031226082,900.21098097,-0.613442125491,28,-23.5229375484
1.560000000000001,-0.85094292146,1.8705976337,0.0,1.79126652185,0.262912490673,0.0,-1.72037058076,1.18051385496,-14.2824395324,-28.8258888962,0.195735866154,0.0,-0.423513469954,0.334497051804,899.398750678,-0.837620233871,29,-22.8283349444
1.560000000000001,-0.700422009642,1.90106215958,0.0,1.84980091883,0.212224073568,0.0,-1.39266331125,1.18584558499,-14.3795649639,-28.8436402968,0.156339782388,0.0,1.00757669825,-0.217164348878,900.407641027,0.0629868981462,30,-23.4537352477
1.560000000000001,-0.454910017295,1.93238213648,0.0,1.87050596239,0.139160940017,0.0,-0.89951169912,1.20107621679,-14.423566701,-28.8227564979,0.103237608776,0.0,0.294060570209,0.121174814585,899.515794509,0.522489239472,31,-22.7423808128
1.560000000000001,-0.313196287022,1.9255143992,0.0,1.83431064594,0.096091189679,0.0,-0.618251441766,1.2081938679,-14.4180136892,-28.8555138202,0.0716885652038,0.0,-0.101918531955,0.393622049871,900.658437697,0.236715519569,32,-21.5987341003
1.560000000000001,-0.255539291334,1.92048697656,0.0,1.83062008512,0.078541740211,0.0,-0.504182883981,1.2057885149,-14.3906366162,-28.8323542255,0.0585818442243,0.0,-0.334114070645,-0.0119272723983,899.760792307,-0.366985182006,33,-20.8312280399
1.560000000000001,-0.1755672874,1.93360837337,0.0,1.86385337807,0.0537098669685,0.0,-0.344038204245,1.20469794586,-14.435381721,-28.8265490705,0.040008462444,0.0,0.686037810427,-0.567763471162,899.746067416,-0.0526054560828,34,-21.1106417866
1.560000000000001,-0.133038369016,1.93096434294,0.0,1.8454339558,0.0404941231856,0.0,-0.260086548887,1.20788619431,-14.4074452457,-28.8385346054,0.0300929949461,0.0,-0.595443436801,-0.0925190396372,900.148647702,0.135869446729,35,-20.4418283935
1.560000000000001,-0.121921927614,1.94340017482,0.0,1.84678903826,0.0373160809976,0.0,-0.238717780351,1.2164140728,-14.4222365205,-28.8399519513,0.0278297007105,0.0,0.687948745948,0.592122956326,900.128320445,0.164419710028,36,-20.7082024489
1.560000000000001,-0.0919531014362,1.9475290142,0.0,1.86654639108,0.0276881908675,0.0,-0.178711099416,1.21291753484,-14.4435408453,-28.8530157189,0.020395262456,0.0,-0.221218610628,-0.0373980939376,900.602886603,0.332437118358,37,-20.901790064
1.560000000000001,-0.0633076264395,1.95991591256,0.0,1.85813578366,0.0191606347885,0.0,-0.123123691191,1.22444273492,-14.4421291369,-28.8359486616,0.0141731814628,0.0,0.127491526244,0.0413705982368,899.986924548,-0.0558997112468,38,-20.8417649526
1.560000000000001,-0.0512616810277,1.93931590866,0.0,1.84823678867,0.0156216483569,0.0,-0.0999305213548,1.21306705552,-14.422251171,-28.8256946672,0.0116452117642,0.0,0.111035125913,-0.363162886486,899.639877538,0.249761065563,39,-20.2786149806
1.560000000000001,-0.0413555541292,1.96043392255,0.0,1.88422491235,0.0127388657053,0.0,-0.0807492422761,1.21741316163,-14.4621187025,-28.8278350306,0.00961044770073,0.0,-0.00368261746433,0.262979372402,899.699165149,-0.306632772941,40,-21.0242728202
1.560000000000001,-0.0358506686717,1.96137543566,0.0,1.88659049836,0.0106328056556,0.0,-0.0689257542649,1.21744200324,-14.4822990718,-28.8347290008,0.00779539230025,0.0,-0.576968058446,-0.279604489713,900.046431074,0.0836309297041,41,-21.2835064975
1.560000000000001,-0.0226890407472,1.9640794252,0.0,1.89333280138,0.00693348088917,0.0,-0.0441656449126,1.2173077887,-14.4705511423,-28.8398037441,0.00516476557163,0.0,0.206966494183,0.404185765017,900.326613343,-0.489587637502,42,-21.0891486071
1.560000000000001,-0.0131470166732,1.97667245154,0.0,1.90646166133,0.00386296379055,0.0,-0.0251296981284,1.22315263536,-14.4976685524,-28.8250826538,0.00283081126661,0.0,0.270019158148,-0.810405301813,899.625597603,0.439163559001,43,-21.5575434625
1.560000000000001,-0.0114691446219,1.96335942583,0.0,1.89969668711,0.00336564652578,0.0,-0.0219471367612,1.21555084611,-14.4713626686,-28.82931728,0.00243977688853,0.0,0.0114772534862,0.0670781883025,899.887448071,-0.394894834559,44,-21.0375226125
1.560000000000001,-0.0100078341598,1.97808836972,0.0,1.90720061012,0.00297895366547,0.0,-0.0192353065993,1.22469314559,-14.5094403508,-28.8280552943,0.00217894224568,0.0,0.362943300833,0.0817850810416,899.642740725,-0.0938524490568,45,-21.7264792655
1.560000000000001,-0.00898736595945,1.95758016108,0.0,1.86728827942,0.002610850246,0.0,-0.0171238486661,1.21938309518,-14.4465750025,-28.8348544938,0.00189786823235,0.0,0.416430038578,0.00764204781479,900.065255659,0.0839831914863,46,-20.5840306774
1.560000000000001,-0.00402202109332,1.99105678618,0.0,1.9395309461,0.0011548292843,0.0,-0.00759893997622,1.22485340812,-14.5374883709,-28.8318924253,0.000843405835772,0.0,-0.208032884714,-0.480013506605,899.827476961,-0.315648877639,47,-22.2508531754
1.560000000000001,-0.00256883812104,1.99524282336,0.0,1.92608488459,0.000746952850719,0.0,-0.00488655157021,1.23022334034,-14.5241122975,-28.8357180724,0.000545198411619,0.0,0.140084221478,0.447637598676,900.027595633,0.379022360062,48,-22.1104386858
1.560000000000001,-0.00184267338174,1.97151317865,0.0,1.87473335938,0.000526598456887,0.0,-0.00348570457803,1.22828646857,-14.4796426207,-28.844316264,0.000382618690251,0.0,0.237468112638,-0.226568532722,900.412028972,-0.715329382497,49,-21.1566094323
1.560000000000001,-0.00144305652241,1.99075081799,0.0,1.92470311315,0.000402506274487,0.0,-0.0026951940521,1.22814091535,-14.5173459054,-28.8333036869,0.000286795212684,0.0,-0.29113315784,-0.294907599593,899.950232201,0.133947525956,50,-21.9604355051
1.560000000000001,-0.00125578644531,1.98115289482,0.0,1.91406907036,0.000370096842435,0.0,-0.00239023635335,1.22407294663,-14.5047755612,-28.8218229929,0.000285778480795,0.0,-0.245511975324,-0.139829114684,899.528069926,0.158002366416,51,-21.6666051011
1.560000000000001,-0.000784183344804,2.00609078905,0.0,1.91219700035,0.000237934221162,0.0,-0.00152057961776,1.24117636929,-14.5144750826,-28.8294086328,0.000174879440503,0.0,0.124190464746,0.375330032252,899.851489782,-0.123228068834,52,-22.0891855937
1.560000000000001,-0.000268534330297,1.97951920706,0.0,1.89971520889,7.1636130631e-05,0.0,-0.000492411822874,1.22618810123,-14.4972972646,-28.8387804856,4.89298054655e-05,0.0,0.118036583954,0.183602662911,900.076843126,0.385243516567,53,-21.5181672217
1.560000000000001,-0.00046924519819,1.99148510625,0.0,1.91198749472,0.000111646163131,0.0,-0.000837707256787,1.23086490996,-14.5018370227,-28.8338984814,6.26818394599e-05,0.0,0.129445083899,-0.230285247805,899.766058937,0.842678501871,54,-21.7335830553
1.560000000000001,-3.15784564283e-05,1.98025995904,0.0,1.91077671517,7.75943793485e-06,0.0,-5.38757161253e-05,1.22337984375,-14.4995740508,-28.8237843724,6.57169653934e-06,0.0,-0.445083987622,-0.362422236477,899.673008825,-0.650008219172,55,-21.5723151174
1.560000000000001,-8.50915330725e-05,1.99069763226,0.0,1.91656306166,3.59683692466e-05,0.0,-0.000184796175305,1.2296506398,-14.5300565072,-28.8708618798,3.31066489252e-05,0.0,-0.383168913046,0.210881053817,901.301385515,-0.32646270757,56,-22.0803428356
1.560000000000001,-6.36323260782e-05,1.99732834282,0.0,1.91461609604,5.07644014176e-05,0.0,-0.000180146535488,1.23414652715,-14.505776933,-28.8301365686,6.67664485885e-05,0.0,-0.583102623258,0.373376440885,899.821919935,0.359357022092,57,-21.8523062615
1.560000000000001,-0.000102541147269,1.99273886141,0.0,1.88562413477,4.11403479692e-05,0.0,-0.000223254345893,1.23915348882,-14.4885506974,-28.8409267935,3.73545782842e-05,0.0,-0.0397339966783,-0.211337131053,900.181093562,-0.201336285245,58,-21.5336470195
1.560000000000001,-1.71951832281e-06,2.00742955964,0.0,1.91898070149,2.18729087287e-07,0.0,-2.94742511557e-06,1.23972524341,-14.5360213256,-28.8608675509,1.53576679942e-07,0.0,-0.105488853523,-0.176521950969,901.022147793,0.45378566315,59,-22.3723418974
1.560000000000001,0.000116663076949,2.03039422453,0.0,0.755724011301,6.28317591134,0.0,0.000206556742373,1.51753385141,-14.0925855777,-24.7818604066,0.000346899711506,0.0,0.515352960519,0.239707061215,899.946137155,-0.069074066826,60,-21.5425359705
1.620000000000001,-3.63733841746,3.0144081467,0.0,4.59868706195,3.69941686429,0.0,-4.60751953434,4.47100661814,-14.0935966113,27.5523962285,23.0675849291,0.0,3.32957210714,708.602879201,-0.308762775404,865.412486394,61,-49.8395826538
1.4400000000000008,-0.0952960840418,0.832891655443,0.0,0.264708260948,5.8407201354,0.0,2.58204675953,0.401418101181,-13.422782077,28.6895606478,26.9979822704,0.0,52.4334497171,900.243150191,-0.308945914383,900.069596094,62,-17.7923031738
1.8600000000000012,7.20434866716,6.04492011554,0.0,5.63144705971,2.35766756946,0.0,11.1812711233,6.89362441146,-13.1763804555,28.8492786336,26.0054716457,0.0,177.286509971,900.149083746,0.183149221987,900.371987416,63,-96.2263093175
1.620000000000001,15.6188042872,-0.37640356689,0.0,5.48347293999,2.80285589701,0.0,12.2998747663,0.798254887312,-12.3878479105,28.8298851053,22.7099861277,0.0,250.09401237,899.631397215,0.144044344064,899.767469568,64,-161.107370556
1.620000000000001,2.49647364334,0.63042073355,0.0,5.43208868808,1.06261612803,0.0,7.70992815595,-0.560138973665,-13.4050456873,28.8449715878,24.3197868658,0.0,442.951718451,899.750344764,0.0106960812996,900.311982705,65,-33.3497420655
1.680000000000001,4.79158484099,1.91102362978,0.0,0.89411560217,2.46698462599,0.0,11.5909396658,1.34941950332,-12.6919360557,28.8217661338,13.1194608556,0.0,898.143474593,900.092799254,0.215564933886,899.558570647,66,-54.9433291151
1.620000000000001,3.32303259262,1.05119069302,0.0,5.48113495296,6.00046296792,0.0,9.22426360039,-2.27594931174,-14.5109212921,28.8640845527,17.054541078,0.0,745.867745516,900.511725258,0.12504931611,900.981988915,67,-44.1056547275
1.620000000000001,3.04866069291,0.913401178462,0.0,5.45911587266,0.0242798169312,0.0,9.74790109038,-2.46051096251,-16.0061927118,28.8492188205,18.3080367696,0.0,652.823861553,900.093559967,-0.160627489061,900.665875469,68,-43.3175361087
1.620000000000001,2.64192828838,0.95638222838,0.0,5.46212069635,0.962026948825,0.0,0.734576008844,-2.76123638411,-15.6650315569,28.8231680414,20.790232188,0.0,657.053587251,900.86717249,-1.16778839056,899.539354638,69,-39.522310356
1.680000000000001,5.80009695942,2.91416457255,0.0,0.889097939742,1.71656087771,0.0,9.13345839126,2.14677881307,-13.7757159877,28.8347861139,12.8431955471,0.0,899.848736325,899.534343483,0.186876035209,899.898137958,70,-66.7518889749
1.680000000000001,2.58425874395,2.8697460315,0.0,0.894459935315,5.83219250842,0.0,-0.179483246378,0.360861241226,-15.1764941574,28.8282921298,15.2488869741,0.0,883.576544395,900.189003954,-1.17840048919,899.821171534,71,-58.9319162048
1.620000000000001,4.7772498744,3.93005749807,0.0,5.4896530962,0.624027254735,0.0,5.86737492065,-0.137270594717,-15.4101128858,28.8449023304,16.8579429326,0.0,798.388586224,900.083050528,-0.479865558549,900.303585358,72,-71.6310089932
1.680000000000001,3.03891830952,3.86499615894,0.0,0.893488128944,5.4622919569,0.0,5.81283819656,5.11526177965,-14.1880657654,28.8433956558,13.0318977254,0.0,888.519612012,900.505165832,0.227550113752,900.398071243,73,-55.6799409396
1.8600000000000012,7.65830954703,1.76844972592,0.0,6.07954105187,0.274839635114,0.0,8.15368054747,-3.17358260429,-14.2137411815,28.8303225742,10.8410312122,0.0,898.094092155,900.576118891,-0.0822921007003,899.802399308,74,-98.553731933
1.8000000000000012,5.4389044286,4.23131583468,0.0,4.3894528016,5.50792348944,0.0,5.25453624111,2.09634515109,-11.7277172271,28.845410182,24.6021569494,0.0,86.3438284884,899.952835777,0.0720005261993,900.126885833,75,-94.4500364297
1.560000000000001,1.19990073405,0.515426165197,0.0,4.06298757199,4.14978138616,0.0,4.01040117386,0.825373041301,-13.4186316562,28.7935283595,21.3064673401,0.0,19.3921759789,897.923104288,-0.562783553934,899.911849243,76,-16.4829308368
1.8600000000000012,5.5452515633,3.1662419366,0.0,6.049173321,4.15184295877,0.0,7.98309353281,4.46105034459,-13.4389757187,28.8338795358,15.2560765639,0.0,878.711449605,899.532664853,0.105327774154,900.038300968,77,-62.6784317728
1.8000000000000012,0.768170233579,4.78149995477,0.0,4.37011074187,3.2512103694,0.0,-2.74672500078,5.21445077002,-14.1380721629,28.7833720115,19.5047259913,0.0,4.83794571534,850.813454353,0.172696211632,897.461171013,78,-71.3230456023
1.5000000000000009,1.95152364708,0.237052062679,0.0,2.05240285749,1.79939117629,0.0,4.53973377303,0.737141575061,-14.8912614093,28.8387514,21.6723383442,0.0,380.869090543,899.590746595,0.689785364586,900.089981825,79,-17.1893577352
1.4400000000000008,-0.00551319830339,-0.53632099208,0.0,0.359229243355,6.0557369584,0.0,1.70029058732,-2.56451912799,-14.9989123683,28.8385579425,19.2826070254,0.0,828.372124639,900.129814482,0.0181551973281,899.905999855,80,-14.7967913097
1.4400000000000008,0.264470510489,-0.0384793256082,0.0,0.331653307292,5.13025966444,0.0,3.17281605802,0.0977489386069,-14.0100117707,28.8059453377,24.1748927512,0.0,514.157844272,899.657828684,0.320271260798,899.212369454,81,-19.8124654912
1.4400000000000008,2.50365967187,0.218298676229,0.0,0.303502134017,1.12458803371,0.0,5.23563709066,-0.958197406514,-14.0777356377,28.8355325441,18.6799016175,0.0,875.641193848,899.917709841,0.45103955079,899.994924515,82,-27.979923595
1.4400000000000008,2.86646531012,0.757087315478,0.0,4.50764983018,5.16529732855,0.0,4.9290443616,1.34895564134,-13.5094049639,28.0286328838,23.8737990492,0.0,20.6003718199,898.281829941,0.0964186665061,899.992028988,83,-31.4601372095
1.4400000000000008,2.63352862159,0.717790264232,0.0,1.22164537963,5.73464137296,0.0,4.83953425095,0.865491189706,-14.0818541257,28.4658963198,14.4287187158,0.0,888.072375733,899.385056889,-0.0262206780616,900.024953547,84,-30.4137506956
1.560000000000001,2.65351082452,1.512607535,0.0,4.62525730376,5.95340241541,0.0,3.28554980756,2.93127816347,-14.4992287226,26.4722254,15.8839475327,0.0,1.31664902047,228.693805888,-0.770098963651,765.590104703,85,-37.4709716713
1.620000000000001,2.05831188153,2.14462586433,0.0,5.44640810868,0.0683328403114,0.0,2.05379220745,2.52181466215,-11.8308221081,28.762707166,24.283149481,0.0,345.515590262,899.969230699,-0.246553057698,900.076350544,86,-43.0194500986
1.8600000000000012,2.94977575682,7.16199157772,0.0,6.12608109529,1.72923994558,0.0,-1.0071207821,8.45689738071,-11.7526157033,28.8479306553,20.2369232218,0.0,637.436664931,899.79492508,0.53479561667,900.43056045,87,-102.126799883
1.680000000000001,5.79859768835,1.6216256788,0.0,0.856311829484,3.20603211271,0.0,6.22468005536,-1.92845801654,-15.5575516954,28.8323149961,22.7794174065,0.0,452.062064647,900.010907389,0.457314222583,900.036144119,88,-60.1153210024
1.680000000000001,0.980054200037,-3.8385889721,0.0,1.01607961198,4.04822077105,0.0,-0.392515314453,-6.99606990716,-15.7627923189,28.8272434932,27.1749527517,0.0,102.329230847,900.187312359,0.577920837419,899.829906158,89,-34.5137374976
2.2200000000000015,2.25904473038,9.70089676823,0.0,3.90995576553,6.02210130122,0.0,2.44528955298,13.4228189226,-11.1305467864,28.8296217564,19.2688105767,0.0,177.381118352,899.958384933,-0.0217092078878,899.798875517,90,-104.581291458
1.620000000000001,-1.37743928271,0.7862488841,0.0,5.47665356961,3.80206015403,0.0,-4.11557887982,-1.48864504262,-14.7427023069,28.8196821149,24.3053429166,0.0,229.525509653,900.069229045,0.358355389942,899.716675411,91,-10.6971520328
1.8000000000000012,5.51074118803,4.6859481398,0.0,4.36332521823,2.67179734203,0.0,1.45433038816,2.98588321999,-15.6171660632,28.8349817969,17.899727703,0.0,581.761247442,900.307356353,-0.55734437085,900.032403568,92,-100.404678781
2.2200000000000015,-0.316500461333,-7.01793180398,0.0,4.01018874376,5.59866128883,0.0,1.45597025855,-5.62562429971,-12.336257906,28.7050657988,24.3325281499,0.0,2.69434825304,751.331237905,0.00720272881184,892.593283186,93,-78.1393946683
2.0400000000000014,-1.46346743722,-3.03388842365,0.0,5.48074698136,0.410176402882,0.0,-1.20398761091,-2.85667884802,-15.650439726,28.2060644444,20.0399420864,0.0,281.358092622,899.885903895,0.308502474851,899.902387068,94,-15.7338944792
1.8600000000000012,0.675968686724,6.59885251926,0.0,6.10138859832,1.2169916604,0.0,2.37587535059,8.06254175685,-15.4272888831,28.8386272697,13.5453393086,0.0,776.145550709,899.46302482,0.20787296888,900.076331171,95,-45.0636930459
1.8000000000000012,1.1838041384,-0.142644108992,0.0,4.39166060507,2.42304292958,0.0,0.477042273197,-0.0203354590193,-13.7017237201,28.8427261396,26.2602447659,0.0,22.3839000013,900.115710396,0.0385840393117,900.285028584,96,-14.606218722
1.680000000000001,2.10854934233,-0.466086593609,0.0,2.02070012888,5.60947008339,0.0,3.4137069915,-0.884880880674,-13.0173574615,28.432700462,18.3173154958,0.0,729.031574064,900.225595238,0.206601775373,900.277351902,97,-25.1487931114
1.620000000000001,1.3065418256,-0.211873427414,0.0,5.91378247592,2.71975745459,0.0,2.31810516545,-1.27552638882,-13.4405460627,28.5080449738,22.3098152914,0.0,318.708051649,900.884306712,0.0352529273882,900.373267464,98,-18.8941334958
1.620000000000001,0.8237289768,1.34469661175,0.0,5.52939047481,0.143036988266,0.0,1.83424803456,0.78409371695,-14.3328384916,28.8186508172,26.4909316232,0.0,262.24213426,900.146372848,0.0581188269587,899.896571469,99,-26.3622058297
1.560000000000001,0.489212914357,0.728268178436,0.0,5.94459007277,0.46995411072,0.0,3.20096634704,-1.27202185707,-13.4590918261,28.7213663699,20.5874013899,0.0,809.828388995,900.439838007,-0.311097207891,899.279966735,100,-28.2473005017
1.5000000000000009,0.665170369498,1.32485646758,0.0,2.00068206535,1.2199813061,0.0,2.34481691027,1.38645283485,-13.9115135949,28.8443423546,17.546289755,0.0,754.716812896,900.428300233,-0.0422112186229,900.410799209,101,-21.8708270846
1.620000000000001,1.33025883402,1.02386318108,0.0,5.470459886,3.90980000658,0.0,1.77499705675,-0.261033462386,-13.9857041421,28.8361791066,26.781706849,0.0,45.0468571336,899.512526507,0.686328001687,900.355844136,102,-37.5930880912
1.560000000000001,2.90103386454,2.81169021174,0.0,5.06571148426,1.36303849244,0.0,6.70740768937,2.40863680174,-13.3997317104,28.7642281791,23.8397389253,0.0,349.951043752,900.047488934,-0.0890446688387,900.108070078,103,-47.093643548
1.560000000000001,2.35380667466,2.63309084009,0.0,3.79637117881,0.54343719431,0.0,4.89001785508,0.475955611992,-15.9299199975,28.8021954976,26.7385666591,0.0,13.1201817568,898.13142052,0.157507025973,899.237486295,104,-47.2843297383
1.680000000000001,5.2487762066,4.6779217815,0.0,0.932162720833,1.8887167501,0.0,10.6061991093,4.97882234322,-12.1822208403,28.8514059622,18.0009161499,0.0,890.130657274,899.537542936,-0.0686374591413,900.6047632,105,-78.922673148
1.620000000000001,4.68435915389,5.07230882488,0.0,5.48864799969,1.71876670977,0.0,9.22313075246,7.57815765606,-12.7744402319,28.8371668262,23.533454628,0.0,180.854351505,900.139010509,0.00170714154367,900.026695175,106,-69.967414849
1.5000000000000009,1.63341133168,2.24386562866,0.0,1.96945426418,1.95476016242,0.0,2.22381100815,2.45704925206,-15.5613772058,28.8424642164,24.7795716225,0.0,77.0330341089,899.742560884,0.0053576544994,900.12606172,107,-39.1048535116
1.4400000000000008,2.53774024057,1.82999637113,0.0,0.275737189547,3.38091398006,0.0,4.25099350631,-0.435734695495,-17.9211100425,28.825329454,26.0147058528,0.0,276.502228742,899.900740316,-0.15951356356,900.065450177,108,-35.9628590669
1.4400000000000008,2.76368075087,1.99489201817,0.0,0.267260869816,5.81204294986,0.0,5.44375671282,-0.277221595469,-17.5557714929,28.8067192104,19.9185039001,0.0,791.841165153,900.978486771,0.159492038477,899.778258648,109,-38.1401777535
1.680000000000001,4.51977220241,2.36620230035,0.0,0.940870312841,1.29679651038,0.0,7.85577412408,0.708104349428,-10.9574448907,28.8042513313,18.415286265,0.0,872.022296811,900.138941806,0.0509868591696,899.796246638,110,-70.5676306099
1.5000000000000009,4.27208682677,3.65946760326,0.0,1.94640332275,5.19814139351,0.0,6.76206437075,2.95328201829,-17.7181230866,28.8315591616,25.8710932268,0.0,268.127392846,900.580836948,-0.093498439684,899.821319267,111,-59.4922965049
1.560000000000001,2.30867195751,2.58738544247,0.0,3.73394717904,5.79938726675,0.0,3.67585449317,2.43718359705,-13.9050302951,28.8272736685,24.6748591239,0.0,4.57947744118,883.748125336,0.356806498925,899.471294702,112,-48.7777150171
1.560000000000001,2.68771340774,2.22583825925,0.0,3.77597718172,3.29607475276,0.0,3.92870595981,1.72496853122,-13.3004665299,28.8124989228,24.988017611,0.0,2.53086951198,848.531341968,-0.248666423785,898.320585862,113,-51.289560908
1.560000000000001,1.93512446509,2.72271545457,0.0,3.70496421071,5.90043394094,0.0,2.59698965016,2.49188112639,-14.3697830162,28.8188917517,24.240235047,0.0,3.50599848801,875.87909668,0.49245897245,899.174086334,114,-50.3179363714
1.5000000000000009,1.94612532596,1.63777252288,0.0,1.98803694628,1.39982308366,0.0,3.23786221237,0.60646457131,-13.8986224828,28.8282601297,21.9223077184,0.0,470.016992891,900.478745931,-0.311508938092,899.624636917,115,-37.8014235595
1.560000000000001,3.73444380655,2.21193777038,0.0,3.72157825881,3.63870899296,0.0,5.1034168607,1.63466189404,-13.079927727,28.8128355025,25.026672772,0.0,2.31874438819,859.312584301,0.281772446368,898.861735462,116,-56.927941384
1.560000000000001,2.45638488322,2.28767225678,0.0,3.75932129318,3.08691454582,0.0,2.54648174668,0.978142325815,-13.586313202,28.8022720485,26.0836722734,0.0,2.46655749409,841.768283772,0.0281475803816,897.830495243,117,-51.736564551
1.560000000000001,3.74709391825,2.3085454179,0.0,3.70904171683,3.94117355812,0.0,4.85367961167,1.30359259773,-13.0705301761,28.8165519277,26.0920816032,0.0,3.33883880125,880.816407313,-0.159304318498,899.148509234,118,-57.8567313558
1.4400000000000008,3.43201830169,3.46572070731,0.0,0.244001430091,5.88743410075,0.0,5.64382034952,3.04969492342,-17.7291806129,28.8399836362,24.3135378437,0.0,503.669725495,900.811911653,-0.187557460069,900.234337157,119,-49.2325174952
1.560000000000001,2.59369027128,2.35828154451,0.0,3.80896402218,3.57154987636,0.0,3.48366328335,1.67298136676,-13.512183543,28.8249319575,24.829976264,0.0,2.36068397314,851.288250993,-0.18511526487,898.768484868,120,-53.3510786948
1.560000000000001,3.52256192303,2.29758631564,0.0,3.73842640979,4.03102145695,0.0,4.43682703965,1.0490750734,-13.1426063327,28.8182522754,26.4969933957,0.0,4.12968832861,885.536196111,-0.0542146179271,899.176096183,121,-57.0811532815
1.560000000000001,3.47892460689,2.32056863365,0.0,3.70668838574,3.95901999961,0.0,4.06189379775,0.876933736328,-13.275809207,28.7982605359,26.6474548463,0.0,3.95496200614,884.035441061,0.129040178673,898.551873028,122,-56.9357866688
1.560000000000001,3.39931240654,2.24245187641,0.0,3.71541215878,4.08764583576,0.0,4.31140173976,1.05975122491,-13.1650511875,28.8040246503,26.0841179065,0.0,3.44205295206,881.489536712,-0.114754304572,898.728209405,123,-55.485196121
1.560000000000001,3.29901341319,2.24941546884,0.0,3.7271599026,4.11822792487,0.0,4.24656453361,1.10513241482,-13.1496999387,28.8237552484,25.9698107902,0.0,3.37594913686,880.458637305,-0.113824962327,899.339814365,124,-55.0709458747
1.560000000000001,2.64553562858,2.41930565659,0.0,3.83175056413,3.92717096016,0.0,3.42400502489,1.50986787756,-13.3780522224,28.8228047308,25.5937683322,0.0,2.55153879709,872.194057838,0.166123977918,899.112822056,125,-54.1022348666
1.4400000000000008,1.88402143702,2.28657650308,0.0,0.316680428175,2.95537191628,0.0,1.09430441578,-0.300496955602,-18.3370599927,28.8525343628,23.1752731001,0.0,492.397017351,899.99043097,-0.330544728566,900.84935761,126,-37.1481736158
1.560000000000001,4.12516042661,2.52796598023,0.0,3.68683225319,4.0033839944,0.0,5.02029495031,1.10893026067,-13.0654358503,28.8141286892,26.7376143911,0.0,3.97216657236,888.355952471,0.924496627428,899.071444428,127,-60.7118960551
1.560000000000001,3.10206655653,2.2718557408,0.0,3.72455815902,2.5303473433,0.0,3.11078684591,0.804309565463,-13.9945379494,28.8238401117,27.324630107,0.0,8.47023198869,897.091856285,-0.427381461625,899.629424269,128,-55.2375212199
1.560000000000001,1.81224536381,2.53651557522,0.0,4.64226839309,0.819989954212,0.0,2.21502094696,1.30353701095,-12.7889633731,26.5640498927,17.2661343832,0.0,0.448627669126,212.430764541,0.0204043113993,771.00100971,129,-49.3799745719
1.560000000000001,3.04171429387,2.32004848484,0.0,3.95434605781,5.79042181866,0.0,3.6098293558,0.803417737445,-12.3736776571,27.6415530702,17.8745037606,0.0,0.0244051237453,345.346742275,-0.361675178498,834.684662938,130,-54.2992586844
1.560000000000001,1.47908243666,2.43143955668,0.0,3.75314727744,6.14220518489,0.0,3.64209850803,0.718225515212,-13.3626006297,28.8275647019,23.8705291391,0.0,17.8860392217,899.102560653,-0.219645028702,899.738512848,131,-46.3843852231
1.560000000000001,1.24649340448,2.47472625195,0.0,3.8381983471,4.59541816562,0.0,1.07488722024,0.639641911153,-12.440759155,28.1576043229,18.7336754767,0.0,0.372598663592,466.911051082,0.126995387728,863.400567,132,-46.7766657216
1.4400000000000008,1.55753983899,3.03527424903,0.0,0.278957680106,3.24057816677,0.0,2.13547079722,1.69361188261,-16.6283896744,28.8282216555,22.0309559767,0.0,680.45908201,900.007982684,0.0175140413184,900.170620898,133,-35.5089818932
1.560000000000001,2.69018462516,2.3523668104,0.0,3.70324745974,2.8927879479,0.0,1.9911164015,0.58633607999,-14.5745852901,28.8202965327,27.1349661312,0.0,8.3099317586,897.461218298,-0.440233904975,899.700967994,134,-51.8356996947
1.560000000000001,1.17878322908,4.14125802759,0.0,3.77127590969,2.29093786223,0.0,1.47757633895,4.47504591709,-15.165667841,28.837856475,26.5642846198,0.0,56.4561580421,899.805285004,0.301917713232,900.041618943,135,-52.1054767485
1.560000000000001,2.85329790924,2.54280378966,0.0,3.72207651024,6.18727265113,0.0,5.2925436263,0.841665341614,-12.3878251541,28.8157418119,23.8382963907,0.0,19.3452822874,899.301547938,-0.584603588797,899.729840574,136,-53.0042620803
1.5000000000000009,1.3336651032,3.59717531224,0.0,1.98844155033,5.84888698707,0.0,2.8129360953,4.18059837629,-14.8390269086,28.8269906694,25.6290904601,0.0,459.298701691,900.506301282,-0.470556099711,899.72452087,137,-40.7446316677
1.560000000000001,2.08180071088,2.29378119509,0.0,3.70354998775,0.765597796757,0.0,3.47899808351,-0.126720930366,-13.9084337643,28.8214707022,26.7430713927,0.0,4.01198939308,893.689720878,0.177094602244,899.738197042,138,-47.6427654957
1.4400000000000008,0.621625667091,2.81758603581,0.0,0.320243396908,5.04178964003,0.0,1.51742180215,3.61518128772,-17.0978506104,28.8283751921,26.4920391246,0.0,320.852513467,899.436767925,0.0192736294569,899.879560956,139,-32.1150499976
1.5000000000000009,0.555311791478,1.93160323406,0.0,2.01886266248,2.27913445573,0.0,1.61464344363,0.570439223776,-14.1785782018,28.8498804211,25.0484598678,0.0,185.567751169,899.946227614,-0.104310378643,900.381700619,140,-33.7755141453
1.5000000000000009,0.212966814029,1.68152689123,0.0,2.04015298509,5.18949372436,0.0,1.59642089778,-1.46082078853,-15.441846569,28.8460962467,24.5361681084,0.0,95.7466224395,899.964893473,-0.402110279838,900.436336278,141,-32.032770111
1.5000000000000009,-0.381153512888,1.95237894622,0.0,2.02760685079,5.34701637784,0.0,0.699184178465,-0.485877817334,-13.5241450214,28.8372767248,19.7044209556,0.0,818.165161785,899.625425701,-0.151657629757,899.940701106,142,-32.3264473969
1.620000000000001,2.03944637594,0.915386875749,0.0,5.44275306934,5.34887304663,0.0,2.69549872598,-0.0782227021598,-13.2112393675,28.7964617869,27.4209624609,0.0,11.7015125442,899.584895917,-0.367711999896,899.409895581,143,-43.892581583
1.5000000000000009,1.31855459947,3.60099610219,0.0,2.00979223084,2.30485245129,0.0,1.70896152116,4.14048118108,-15.2771021869,28.8345914146,24.2990516561,0.0,196.487973557,899.302038991,0.686240797234,899.962355382,144,-39.1090555344
1.4400000000000008,-1.68032592443,1.68906017312,0.0,0.32094920507,0.442866660585,0.0,-2.31236996252,-0.408320799568,-17.0142669126,28.8426798824,25.080818579,0.0,523.373746422,899.975433844,0.322707159219,900.33340438,145,-33.2451263686
1.4400000000000008,-2.27746429294,3.2752423021,0.0,0.313872286616,1.68403020766,0.0,-2.14457609982,4.01992527036,-15.7975297081,28.8347516217,19.4680277441,0.0,860.57164459,900.31074284,-0.389154097759,899.940007246,146,-39.4670850402
1.4400000000000008,4.87261976227,0.795250530165,0.0,0.234892865506,3.70226817846,0.0,6.10154740404,-0.135211272519,-15.990068841,28.8461807911,22.5925884612,0.0,703.861389924,900.130070033,0.348427430462,900.52565155,147,-38.0474459324
1.3800000000000008,0.376481060303,2.11185166885,0.0,5.4136383807,0.597689322016,0.0,0.0266872296366,2.46286310735,-18.1770613369,28.0959327919,21.9606484791,0.0,189.710050654,900.479377969,-0.273396555928,899.322774206,148,-18.0624527572
1.3800000000000008,0.974301337692,2.32137692862,0.0,4.81328402673,4.57372604424,0.0,0.846724416771,2.81383818627,-17.5133054437,28.8142674508,26.1593131895,0.0,7.31425851408,898.281628535,0.17680433209,899.986924698,149,-19.913934163
1.5000000000000009,-2.82349075666,5.74049903373,0.0,2.05838826048,2.31573053343,0.0,-4.39307210359,8.62256069277,-14.461009234,28.840947646,14.0111565767,0.0,890.083829675,900.007179316,-0.534452178858,900.292414493,150,-52.6644671881
1.4400000000000008,-3.89318261284,1.34854181007,0.0,0.297559681493,5.2982275254,0.0,-4.1827077895,1.77036418246,-16.3499299162,28.8247139937,25.3465273119,0.0,481.535162633,899.982583778,-0.387749881576,899.793048145,151,-30.0245928614
1.740000000000001,5.06584451768,3.48819923597,0.0,4.23721529764,4.66370357256,0.0,6.20571709922,5.1900419954,-13.6602390019,28.620813316,26.9089107139,0.0,7.58559318806,899.384598012,-0.527064435773,899.781015934,152,-57.9455712882
1.5000000000000009,-3.11765580244,4.03241339677,0.0,2.061408463,2.43258360019,0.0,-4.5549759522,4.14893081943,-16.0647544596,28.8319771815,19.8938004594,0.0,629.136538029,899.712775988,0.132027856003,899.94976393,153,-45.5572059197
1.9800000000000013,5.77347266267,1.82543391338,0.0,3.28832272875,0.472091960263,0.0,5.88638865404,-0.626040450836,-14.8189023339,28.6480306734,19.1066981895,0.0,0.027876761669,695.993293281,-0.705586080804,889.738032504,154,-81.0036532506
1.680000000000001,-0.286304862263,4.7876707272,0.0,0.868492703998,1.4692227392,0.0,-1.9802735534,2.98505235112,-17.9520300093,28.8275840479,18.229037155,0.0,890.156834227,899.574972894,0.146773406376,899.743233065,155,-44.0975543097
1.8000000000000012,1.60815383345,8.39775904283,0.0,4.37459248507,1.36877062491,0.0,0.447655350132,11.927230123,-14.9062567463,28.8220862957,11.8025129139,0.0,814.318820228,900.75753002,0.346526752532,899.612635295,156,-70.3618937332
1.740000000000001,-0.400778926555,2.2982856209,0.0,2.64159509092,5.7233175362,0.0,-1.81754721685,1.14019629457,-17.217133243,28.8359392359,26.308616435,0.0,42.9462900772,899.895200287,-0.187771681965,900.014818898,157,-26.2114821881
1.620000000000001,1.01400008431,1.33283966012,0.0,0.702699341258,3.67822002941,0.0,0.0782684837743,-0.135580533684,-15.9115945919,25.1050844632,23.2543950972,0.0,45.3221895491,900.324522655,-0.120650048472,899.668039615,158,-25.4914769971
1.5000000000000009,1.3736375554,4.48222973949,0.0,1.9971284929,5.83756735898,0.0,1.49498642641,6.02279798793,-16.8879784613,28.8350500222,26.0103395828,0.0,369.724615525,900.375920783,0.0496300751692,900.039447987,159,-37.3676775215
1.5000000000000009,-3.61902520582,2.03675518683,0.0,1.98835642298,5.59670560305,0.0,-5.65708460061,1.53575556663,-17.5532533607,28.8364887553,27.8685554749,0.0,188.783355111,900.335024795,-0.334175735435,900.079766819,160,-33.4189495749
1.3200000000000007,0.422155980574,1.95199594242,0.0,3.01593103735,3.6417908029,0.0,1.66262447619,4.86161728593,-17.3277723182,28.8357372724,25.5420750375,0.0,12.5266920737,899.5430751,0.283043231856,899.892271743,161,-4.17408594874
1.680000000000001,-1.00245260305,3.02126866293,0.0,0.892083783295,3.30148675893,0.0,-1.15860305899,-0.18923576314,-14.656846356,28.8266303227,23.8581993798,0.0,585.221276225,900.448095009,-0.032352364731,899.820895291,162,-48.3416715924
1.560000000000001,-0.081658730572,3.98596896622,0.0,3.72343339489,3.00581138947,0.0,0.178439651531,5.47394740121,-13.8279824194,28.8298006055,27.1597343682,0.0,20.3305493705,899.722926005,0.427363872865,899.839751298,163,-40.9994109396
1.3200000000000007,-2.53133455339,1.66362844856,0.0,3.08427801093,0.234175482916,0.0,-4.31603062667,2.51885620592,-19.4766409841,28.8189711437,25.8826629706,0.0,1.23054155684,873.724111735,-0.0842735873108,899.151116447,164,-15.5291257199
1.4400000000000008,4.95864547629,1.32305191386,0.0,0.344003211516,3.02372458115,0.0,5.67863141712,0.71889179681,-14.8131129572,22.6033771689,12.8355015652,0.0,0.223592519267,68.1251729037,0.327878637398,541.346663253,165,-37.9636979848
1.560000000000001,-2.49920723492,5.99796005324,0.0,3.80544796188,4.9914776666,0.0,-0.458827036551,7.25297080099,-13.6693307117,28.8373229196,24.6593773359,0.0,141.132246966,900.209680263,-0.123596854566,899.951934111,166,-78.4654803528
1.4400000000000008,-2.7062404926,-0.96507428444,0.0,0.302219905128,1.73459798392,0.0,-5.48837880321,-0.538867604252,-16.4055050905,28.8390157406,23.422053793,0.0,538.165294096,899.70978126,0.698496703773,900.208358322,167,-18.3798288201
1.4400000000000008,4.12579936517,1.35514648282,0.0,0.201891807324,1.29171095819,0.0,4.63426334298,-0.311071071593,-12.701521182,28.7285022676,25.859033518,0.0,53.5636398055,899.685714993,-0.131806859932,899.83639333,168,-56.4850518963
1.5000000000000009,4.58191437803,1.4208211506,0.0,1.99893833267,3.06380492218,0.0,3.03852418552,1.02640326102,-15.071246816,28.7048486797,27.2604225114,0.0,65.8458751667,899.889768949,-0.0915445929936,899.894378612,169,-57.9977118522
1.3800000000000008,2.57543828898,2.93487781228,0.0,0.265277304046,4.50188801557,0.0,3.22638660576,1.9120887816,-15.6615296016,25.562384247,18.3826105447,0.0,0.0346803597809,141.435562857,-0.571870335901,709.425884715,170,-48.5054026815
1.4400000000000008,4.27591601038,1.47575310492,0.0,0.153843526469,4.27792837339,0.0,2.91378510432,0.911506316277,-18.0580873598,28.7711864624,27.5449657529,0.0,4.39514944225,895.768815519,-0.172870901171,899.541020107,171,-53.751369396
1.5000000000000009,1.51418495725,-0.175686365533,0.0,1.99218065508,1.2136355185,0.0,1.42377143556,-0.00657624576028,-14.1425855986,28.7919903811,26.9928122166,0.0,328.099330245,900.01681083,-0.174312162063,899.455509369,172,-18.5132281582
1.5000000000000009,2.53248104676,1.1402250045,0.0,0.166320874373,3.68386186477,0.0,2.75900494743,2.39862657272,-16.8850273417,28.4994310763,27.4661588577,0.0,23.0041125028,900.313846785,-0.590818258928,900.248506177,173,-17.6226303042
1.560000000000001,0.0697583348956,4.99198010524,0.0,5.53384236867,6.20342392341,0.0,-0.428889446343,4.74860562143,-16.7607989721,28.4994509269,24.8089940755,0.0,7.36177859608,898.565433034,-0.63757170582,900.627826339,174,-32.6855163271
1.5000000000000009,2.5564602413,2.20193141088,0.0,2.00720538228,3.15319608706,0.0,2.61911009136,1.29152875701,-13.676871144,28.8196333613,27.8828585307,0.0,11.2445712961,900.097027079,-1.02709323394,900.560562425,175,-37.8742296521
1.3800000000000008,2.82680792328,-0.495666604665,0.0,6.22775999815,5.72106419169,0.0,3.52188187023,0.626935185985,-17.2825057714,27.7083988031,23.2280893181,0.0,6.2896144348,898.423399922,0.372225338352,899.829917974,176,-24.69428022
1.620000000000001,0.765369647272,-2.20263354149,0.0,5.45205404058,2.04943194148,0.0,0.396124172634,-3.24718882109,-13.529438997,28.8349575674,25.4695301698,0.0,518.035574434,899.902085656,-0.296434770543,899.979156293,177,-31.8566450353
1.5000000000000009,-0.30757073443,-0.703350431105,0.0,2.00543592254,5.56956890788,0.0,0.211687202265,0.107406224318,-16.2925850898,28.8401456164,27.6939814015,0.0,84.2840256707,900.420080301,0.119123263221,900.101196899,178,-5.32736425419
1.8000000000000012,0.991706227713,5.70604980892,0.0,4.3661946418,0.886095176487,0.0,2.0701548214,4.07892793209,-16.1422374723,28.8392155504,28.6533332124,0.0,20.5234381546,900.153990615,0.341677001139,900.148350455,179,-47.3467064744
1.8000000000000012,-2.38096655439,-0.659486953369,0.0,4.33232300834,4.27553870168,0.0,-3.14592880187,-2.00548039894,-16.2325980547,28.8134326657,24.6255382108,0.0,132.214939322,899.69643151,0.252772742608,899.215747843,180,-10.3758849778
1.5000000000000009,-6.07747403373,-2.33907766043,0.0,1.94186275089,1.55911619328,0.0,-9.74263615428,-2.10228612364,-14.2954602335,28.8403491922,12.5630059188,0.0,900.067671569,900.049979294,0.0209246289483,900.317693377,181,-58.5676103105
1.3200000000000007,-3.78180305444,0.88938115916,0.0,3.08482659307,6.24675510575,0.0,-4.08145206206,0.116738488618,-16.8116245237,28.8349915682,25.7267665537,0.0,21.5786318114,900.265671888,-0.13496299026,900.088785653,182,-43.1207936071
1.620000000000001,-7.11468439507,1.42144518267,0.0,5.4785291354,0.830149450079,0.0,-7.72274458281,0.707194274532,-15.3487043073,28.8178538973,17.6079004538,0.0,897.015841071,900.285962189,-0.111644685754,899.412047791,183,-72.3992860787
1.3800000000000008,-5.16630818359,0.323659020097,0.0,4.83429062266,5.94311491404,0.0,-4.28551392924,-2.07953661246,-16.9595779153,28.8263292949,20.3922507013,0.0,724.987674735,900.096960296,0.0641623781714,899.676693157,184,-48.023812562
1.680000000000001,-6.84121645662,0.646581290071,0.0,0.861836844558,2.33664350115,0.0,-6.55571340416,-0.609776069256,-13.9866862835,28.8452040437,12.1480351479,0.0,899.546193243,900.535208187,0.135113059196,900.347975278,185,-79.6487712246
1.4400000000000008,-6.05743090258,1.01091041617,0.0,0.238960603116,2.31110795922,0.0,-6.57060734973,1.46734809595,-14.0972467058,28.8144908018,14.7343410324,0.0,896.907355777,900.370402562,-0.0766500451331,899.310224267,186,-55.4223383651
1.560000000000001,-6.31325948874,0.81886944796,0.0,3.71742428165,3.61300645099,0.0,-4.36827916508,1.4740641433,-14.5750808143,28.8399178446,16.925504157,0.0,34.4590172685,899.755635,0.357688123905,900.124315541,187,-66.0430436315
1.560000000000001,-6.73133927102,1.21653201958,0.0,3.74287248116,3.31450854741,0.0,-6.6806128381,1.04781213223,-14.6879427166,28.8152819955,17.3246620238,0.0,77.9018315506,900.264199008,0.452645272474,899.491381712,188,-66.1260820779
1.620000000000001,-6.13447710925,1.43413256279,0.0,5.45469468986,6.16489446163,0.0,-2.2465613739,-0.92849975945,-13.1790862253,28.8323480556,12.7628131364,0.0,870.002144267,899.71838418,-0.205869204651,899.861517851,189,-71.202381189
1.620000000000001,-6.88067378008,1.7510996182,0.0,5.47749154628,4.17108335675,0.0,-5.05113181664,3.20174310005,-14.239233628,28.8446039684,17.6522739442,0.0,699.137652124,899.662693522,-0.17369761004,900.264066155,190,-78.6378591032
1.620000000000001,-6.88146076574,1.86277558789,0.0,5.48777761328,4.27996715034,0.0,-5.19844492337,3.21661801346,-14.3911646063,28.8485137908,17.9294678233,0.0,685.731284729,900.031726583,-0.166624377255,900.33222394,191,-80.7373959101
1.4400000000000008,-2.46297367223,-0.588183960612,0.0,0.232766268713,2.65673428002,0.0,-1.78509797129,-0.996510983593,-15.4974864417,28.8337228667,20.0791545595,0.0,772.25578053,899.995564556,0.0895175271686,899.893387833,192,-27.2988845381
1.620000000000001,0.13711089028,3.71082777262,0.0,5.47553342294,1.01204826395,0.0,1.81463446539,5.6255051979,-15.1221476558,28.5058292583,23.562560757,0.0,0.0999904097401,583.648742164,-0.140395939941,881.927508308,193,-36.846945555
1.620000000000001,-1.31159636822,0.373168884557,0.0,5.46240707253,1.76976633319,0.0,-1.56921527278,-1.88419717124,-16.534366963,28.8260819748,28.6310407036,0.0,90.8729021671,899.404001611,-0.0963327593708,899.73395889,194,-28.6117210219
1.4400000000000008,1.57811003086,4.21926729211,0.0,0.239968960519,6.24760837975,0.0,4.29545180086,5.65175270186,-15.0532706538,28.8284564217,27.853893797,0.0,33.0895352397,900.467750639,-0.0649202649095,900.013704313,195,-37.5397084224
1.8600000000000012,4.32679883662,1.16646544511,0.0,3.47457553242,1.66831327648,0.0,4.01288534836,1.95899176866,-13.1778848692,24.7654911767,24.5845825391,0.0,5.97035948467,898.836255535,0.858843338266,899.088527278,196,-68.8861103274
1.3200000000000007,2.24867877954,1.23097587731,0.0,3.15641491231,4.26128809166,0.0,2.52199191823,-1.12672695408,-15.4644181725,20.2418684977,19.6730325431,0.0,-0.506113689995,7.64571482449,0.343883209118,115.154857513,197,-31.2880002988
1.2600000000000007,-1.19558185123,1.48252235803,0.0,1.35888671136,4.23109059396,0.0,-2.77053174223,-0.467046789985,-17.8039316216,28.8278083692,28.6156650763,0.0,38.5122913877,900.171134304,-0.76203914915,899.944978738,198,-24.6352462738
1.4400000000000008,1.03735561873,1.21356820947,0.0,0.333751276385,3.62958533283,0.0,0.13395131364,1.05798702593,-15.8785264771,28.8199500805,28.2189643701,0.0,1.0812513602,879.870500836,-0.582615077246,899.552217906,199,-29.7822662536
1.2600000000000007,0.760263984998,1.31280859415,0.0,1.40648319137,5.15910876566,0.0,0.97323823556,1.44748254044,-17.9634460799,28.8078182605,28.1089772193,0.0,92.4946572154,900.352614106,0.713411051525,899.819034179,200,-19.8434563509
1.2600000000000007,-0.495989193209,3.45549716271,0.0,1.37965534536,5.5206838821,0.0,-0.464498089438,4.77203128658,-17.1192362562,28.8244281734,28.1169751422,0.0,231.343308657,900.322233454,0.251517508748,899.495402137,201,-27.9053839831
1.2600000000000007,1.08485804256,2.84450128492,0.0,1.41174226234,5.39017039656,0.0,1.67453637998,3.06115252174,-17.5347042418,28.8415480107,28.446308429,0.0,116.722481472,900.04014848,0.0338759746521,900.401096413,202,-32.55852745
1.2600000000000007,-0.178518189475,3.7963823876,0.0,3.6316849,3.11568587074,0.0,-0.508445879464,3.46486197976,-16.8445845478,27.4068888641,19.3015489896,0.0,0.0997229036576,397.425787812,0.452177442103,855.765478945,203,-31.0049920019
2.1000000000000014,0.70517699082,9.89281472704,0.0,0.475580194415,4.00811369991,0.0,-0.0148566202926,8.38164424144,-15.9182980913,28.8310968125,27.4860046797,0.0,331.827600948,899.560099519,-0.018559937573,899.96850897,204,-81.083207061
2.1000000000000014,11.6091338681,1.36699007833,0.0,0.281227406847,3.92242707931,0.0,7.82092986001,6.39385105753,-15.2491899616,26.3093420472,21.519111173,0.0,0.646065934808,729.519588313,0.0875272372663,892.965996534,205,-133.799996195
1.560000000000001,4.51439670447,-3.0111525491,0.0,1.97007009575,1.49365647018,0.0,3.39808845885,-3.44872491767,-14.9968462743,20.8297185017,19.4205333902,0.0,0.00841275738003,23.9557532422,-0.108993784845,306.246940498,206,-54.41933114
1.620000000000001,0.768311451504,-0.0143801305938,0.0,2.66051801754,4.14971723849,0.0,0.44187263824,-0.796674882035,-13.9616647655,25.5217783763,20.3347097625,0.0,0.924018317749,667.065794679,-0.497871202406,888.475279447,207,-8.92530835022
1.740000000000001,0.476167778241,1.14503080584,0.0,0.567267617749,3.2495976143,0.0,-1.60649656455,0.923053117218,-14.7783866103,28.2556920066,27.2468390274,0.0,13.4941272368,900.021173032,0.269220912051,899.796420444,208,-23.2767580102
1.620000000000001,1.71494271512,1.5328607285,0.0,5.71828102098,2.84257362525,0.0,0.807058687866,2.32196000059,-16.9482246597,28.8102555104,28.5537691212,0.0,2.70022945671,896.130118656,0.0137523521474,899.598609778,209,-27.1483583099
1.8000000000000012,3.96056166211,2.40914340262,0.0,4.82879371655,2.94613059535,0.0,4.28623808253,4.17952398974,-12.569478477,20.0857549183,19.9550142924,0.0,-0.31366472736,0.632827411264,-0.589123324189,4.0001875278,210,-58.4157594236
1.5000000000000009,1.25394751473,1.61566796314,0.0,1.98191284198,5.00902235077,0.0,0.876163268849,0.840984208872,-19.3570624974,28.8175837354,28.3815319797,0.0,2.42874363302,896.238350548,-0.203352034881,899.793318727,211,-23.9863173059
1.5000000000000009,4.37582098402,1.19284237569,0.0,0.00306574598106,4.13804051846,0.0,4.05969647311,0.0262702475876,-16.5681951839,23.9635688164,19.2890611154,0.0,-0.0190343855275,81.503576434,0.0472828237872,607.081978222,212,-48.0248853993
1.4400000000000008,-4.9946273221,4.193102003,0.0,0.256310321762,3.86612207712,0.0,-5.00714402095,5.08123369852,-17.1367269469,28.829730221,27.1586047425,0.0,125.446973108,900.236046191,0.597425053778,899.923627277,213,-63.9887500325
1.2000000000000006,-3.45257077413,-1.08006883901,0.0,5.90946074443,1.04797900018,0.0,-2.47532329853,-0.00416775752672,-18.7162373035,28.8355149157,16.8806708106,0.0,834.806071787,899.590001536,-0.284681271501,900.072363077,214,-31.2009321227
1.8000000000000012,-2.6709107894,-5.66703108484,0.0,4.37042920268,5.26242367874,0.0,-0.554837859879,-4.57608021909,-11.7187750063,28.8251003346,10.2373942258,0.0,887.565119168,899.186073906,0.186254994371,899.678633379,215,-115.14305308
1.620000000000001,-1.561131036,-0.136048669449,0.0,5.43284899664,0.132381067965,0.0,-1.01826118785,0.150699256315,-16.5852043202,28.8189580168,27.3217376211,0.0,43.305262063,900.054415426,-0.402795863698,899.497769886,216,6.18900350068
1.9200000000000013,1.21341722597,3.32991442788,0.0,1.54850963902,5.64551589327,0.0,1.61868965102,4.64951706892,-15.9924191948,28.8233631952,28.5407931374,0.0,131.12769411,899.965661643,0.00409647968133,899.653370382,217,-20.6698907092
1.5000000000000009,3.94766521759,-1.86500423102,0.0,2.67327619249,0.826692509941,0.0,4.19575194821,-0.375582529097,-16.0874202979,28.6884738494,27.8833060601,0.0,5.86536132631,899.623205488,0.502823447514,899.684799132,218,-46.1670066781
1.620000000000001,2.47823625999,5.33122090599,0.0,5.56422189938,4.24905770953,0.0,2.38896849023,5.86140941735,-14.407696265,28.0694997467,21.4241174956,0.0,0.552829193641,407.360300114,-0.657287805557,859.555341191,219,-72.4487054484
1.3800000000000008,3.08305497246,2.24339737975,0.0,5.52968715737,5.55814248959,0.0,3.19250522703,2.80807355224,-17.0856065889,22.1977590471,18.208863495,0.0,0.0994870505193,41.7679713374,0.225995003885,446.896908895,220,-40.1462063913
1.4400000000000008,1.39270434751,5.87830087718,0.0,0.267015896935,4.07561812242,0.0,-0.297695668307,6.96058984441,-18.6438437399,28.8286626748,28.3838765547,0.0,1.76383710743,893.350458302,0.285538386478,900.0915383,221,-57.2971563207
1.560000000000001,2.7872542022,4.12360890571,0.0,3.98122587834,2.56262062947,0.0,1.31559723827,0.197555426817,-16.4172573263,27.4772452719,20.5587317024,0.0,0.366910807564,284.546585405,0.133838952277,826.435201405,222,-74.2484523318
1.620000000000001,5.19880380237,9.00987986224,0.0,5.46501072188,5.20466330988,0.0,4.21614900763,10.93429408,-11.0499902871,28.8232611787,28.3685734498,0.0,0.659703576805,891.725951897,-0.40233051498,899.806773318,223,-123.984113515
1.680000000000001,2.44122265988,3.84033053271,0.0,0.867832365188,1.70790075757,0.0,1.48535694349,4.99714833287,-14.4707839691,28.5012969563,25.2411299062,0.0,54.3247731706,899.708159072,0.0682911800332,899.669777019,224,-63.9662777032
1.680000000000001,4.80589739479,5.85671289473,0.0,1.40475301348,0.0711998581005,0.0,3.7716954811,6.26879488175,-14.9341300897,28.134005035,25.056266026,0.0,27.9103524322,899.874834596,0.0613783096187,899.606080253,225,-101.667144365
1.560000000000001,4.46451614504,5.65667998156,0.0,3.66828343867,1.40525131603,0.0,3.12806359627,8.43424393656,-16.9403879441,28.8139193425,28.5318804468,0.0,0.855624109961,885.769608499,-0.0508495334731,899.085183045,226,-85.4179915608
1.740000000000001,7.79046519437,4.52120561348,0.0,3.95490055685,1.44054433404,0.0,5.53890436331,3.68372037481,-13.423835035,25.9054123907,19.3580815964,0.0,0.954709531559,145.030887041,-0.202690904458,733.158790006,227,-130.96591427
1.560000000000001,5.21971412717,2.22337047468,0.0,2.57663077508,3.36553295282,0.0,1.92712146958,0.0765726435816,-14.6177907884,20.5809180903,19.4214874203,0.0,-0.386178942133,15.9216605638,0.0990923238942,221.535821543,228,-90.5927004791
1.3200000000000007,5.35723334571,0.0401172554362,0.0,2.7330931789,0.160026115812,0.0,3.74659062798,-1.41909848194,-18.1021046913,20.4062518256,20.0704545437,0.0,-0.133464466612,11.1672206546,-0.620376131185,167.437992515,229,-52.8047048377
1.2600000000000007,5.68578148012,0.133575771278,0.0,1.30531648028,3.96093344916,0.0,3.87462481575,-2.09322602244,-18.5251567888,28.8276855621,28.7235619122,0.0,3.38338575108,898.417490237,-0.0125877391756,899.859260535,230,-55.9155134864
1.2600000000000007,6.18064322548,0.0127694899298,0.0,1.29416741692,4.01607023148,0.0,4.11702084429,-2.32533777198,-18.9290822211,28.8138708511,28.5473797192,0.0,2.12424108944,898.208311836,0.0927315157571,899.498421004,231,-61.2070329137
1.3800000000000008,7.89996104258,-1.0932793552,0.0,1.94462146605,0.590982727309,0.0,8.17876704053,1.37429797778,-14.1809151464,28.4757308512,27.1919208195,0.0,2.51069630324,898.287339245,0.144662365461,899.384020343,232,-87.0430943635
1.2600000000000007,5.96989135768,-1.90927690372,0.0,1.32481102457,4.37628929438,0.0,4.2600742081,-2.54043532996,-19.6847001915,28.8309778827,28.6570087999,0.0,2.4606785014,897.927014952,-0.130352322592,900.103461499,233,-64.642119834
1.3800000000000008,6.05405710696,0.142761107709,0.0,2.82646840567,0.514056799328,0.0,5.49199748073,3.22811352052,-15.0624352522,28.532977365,28.1788604316,0.0,0.415560684676,890.031267588,-0.237336201624,900.126596691,234,-70.8662336174
1.3200000000000007,7.69255967625,-0.582607229355,0.0,3.63826860139,1.59621059909,0.0,6.16718747321,-0.362527490477,-15.5816920517,19.8611136076,19.0450659658,0.0,-0.206052309278,2.23397229589,0.219858000052,33.4829589372,235,-78.0026550809
1.4400000000000008,5.63207623897,-2.62432847503,0.0,1.1503497507,1.2292241222,0.0,3.29143456175,-4.3698298452,-17.6018264321,19.3301440345,18.1248625446,0.0,0.433047757555,1.00936654296,0.00738078709684,28.6223801243,236,-73.8298498872
1.3200000000000007,5.49437619684,-0.694320154587,0.0,2.39130293138,0.344266890426,0.0,3.3695147046,-1.34126550694,-17.8130594207,20.4871433319,20.0830503041,0.0,-0.342914090758,12.0515437933,0.621427572394,190.066025758,237,-54.7750301836
1.3200000000000007,6.52533152284,0.2139017705,0.0,2.37923240866,4.57298780842,0.0,6.13817843644,1.23327995215,-16.2457899851,20.2915690655,18.7859600348,0.0,0.310630344042,10.6216621264,0.187025898433,161.151749042,238,-58.2674763089
1.3800000000000008,7.11651717102,0.482779286932,0.0,5.60697935675,5.4903602216,0.0,5.90282590844,3.84903887199,-15.4666444369,26.3799278549,18.3022344972,0.0,0.446553968068,173.92102668,-0.708101809406,766.117561067,239,-72.5152818959
1.5000000000000009,7.37006726039,-1.17620083373,0.0,5.19639582865,1.62610444633,0.0,3.89497631199,-1.73400617142,-14.3605294631,21.6285223,15.469394481,0.0,-0.0685225172575,140.123465583,0.531992157948,728.77197219,240,-98.9297140778
1.4400000000000008,7.76459689424,-0.159742420109,0.0,3.3293442861,0.218543113045,0.0,5.78001416058,2.3167386388,-16.5584204206,24.9129032698,24.0146776307,0.0,0.373543894682,872.03276128,-0.509100365849,898.736949639,241,-88.5294966497
1.5000000000000009,8.71368622475,-1.89245302404,0.0,4.55898430324,2.38231292912,0.0,5.73727225023,-3.96170577477,-14.3609392715,18.2752797181,17.1277223642,0.0,0.44105790352,7.25367603968,0.0560004826386,116.379623458,242,-108.994627516
1.560000000000001,9.62087743573,-2.15111624783,0.0,4.03097147811,0.338992530194,0.0,6.35258246494,-0.238277152054,-15.0406451636,25.4881018139,16.3683770778,0.0,-0.313765345128,266.698646119,-0.473221188009,821.750707651,243,-130.781652536
1.740000000000001,12.4916461717,-0.695827100464,0.0,1.70252852597,0.0132085933247,0.0,8.30591599039,-0.111869496305,-12.252567048,27.7778115011,24.7988583824,0.0,7.50525295526,899.90963816,0.0368047739934,899.558179518,244,-175.044936754
1.560000000000001,11.1574262463,4.41067301919,0.0,3.71140261246,3.76083970845,0.0,8.44215146848,8.50978767833,-15.1511603735,28.009834841,21.5155810987,0.0,0.221033175672,381.249058013,-0.597987373421,855.885658699,245,-141.749669987
1.3800000000000008,10.3458047428,1.03500871613,0.0,1.17147173475,4.16013496911,0.0,9.41977254807,1.62269554344,-16.4867440148,27.2176789338,24.097639211,0.0,7.22447112411,899.222185542,0.093423186773,899.905349667,246,-94.2249798198
1.3800000000000008,10.4283393417,1.22542663843,0.0,1.29184289435,3.53796837675,0.0,8.74368893269,1.89189468688,-16.9059882058,24.3771763592,18.4312549367,0.0,-0.102549187187,547.08347144,-0.0744708461384,879.45046584,247,-95.3841639929
1.620000000000001,11.3875141507,3.42994452944,0.0,5.05555320933,2.71051833509,0.0,7.77554463227,6.16076510038,-15.7020478631,22.8749750641,19.8368172148,0.0,0.166168192069,50.3579338093,-0.251539063395,504.222557758,248,-142.410129403
2.1600000000000015,14.343115809,5.91028428826,0.0,0.385438447317,1.71981035435,0.0,7.65624778027,4.86808618988,-8.05688521631,28.7462948109,26.6047533448,0.0,26.6468246381,900.471421221,-0.253425604354,900.122136333,249,-298.845954448
1.4400000000000008,7.45409930812,-0.977368773523,0.0,2.29460374237,1.09490384121,0.0,5.49373896167,-1.24232854927,-16.481320771,27.2291780817,27.061721062,0.0,5.83566711065,899.997665573,0.389465290108,899.744048212,250,-75.4715679111
1.4400000000000008,7.57504495555,1.88375559704,0.0,2.24313933509,1.15921649823,0.0,6.45201936558,3.85182068214,-14.7714590478,22.7420717835,21.8257567206,0.0,1.53981608943,893.413109239,-0.0421197998582,899.445401436,251,-82.6162011754
1.4400000000000008,5.45121931842,0.178634262837,0.0,0.762613665875,0.128963375697,0.0,4.82840118619,2.19379795608,-14.5253307042,24.6107014736,19.3994618747,0.0,0.338981843189,94.6444659101,-0.905218487145,656.920549605,252,-58.820062123
1.3800000000000008,3.7338819311,-0.193517833651,0.0,2.06096198681,3.02410162295,0.0,2.16348395463,-1.61877610578,-16.0245588824,24.7572570991,23.5616177472,0.0,0.375771362253,839.693042669,-0.577042607564,897.93585719,253,-41.9902454517
1.3800000000000008,2.62426807607,1.02275128378,0.0,0.638978768626,4.92885408489,0.0,1.63316833249,0.281022786642,-16.8617272372,25.0511011225,24.7536884342,0.0,3.13259553016,899.606630511,0.088486046326,900.028007517,254,-37.1817744131
1.560000000000001,2.54646443982,4.89965609783,0.0,1.65720732865,4.47863616079,0.0,1.78919891777,7.58159698623,-15.7047563137,28.0699549545,27.0929775233,0.0,1.82474023941,896.946898718,-0.076955117437,900.075641415,255,-55.4391272857
1.3200000000000007,0.0831109353075,2.75337553294,0.0,2.842896874,1.264735041,0.0,-0.921509013574,4.3330902488,-17.696564865,19.9281180805,18.4835610433,0.0,-0.863050664373,0.754572173039,0.362848990008,4.91058375464,256,-22.1326968601
1.4400000000000008,3.0574924997,-0.92999863516,0.0,4.02443475546,3.42730420529,0.0,2.6832508199,0.511346583772,-16.468742569,23.920107309,20.1035610258,0.0,0.225583000071,71.0545325952,0.10409125585,591.441298133,257,-45.8799376013
1.3200000000000007,1.51375861369,-0.998380875905,0.0,2.77283896564,5.83486551874,0.0,2.63327308846,-1.09934710882,-19.1004039788,28.8210473938,28.8055331721,0.0,6.58379158649,900.032673217,-0.315980295989,899.549988777,258,-7.54692715627
1.4400000000000008,0.56658150392,4.09498285015,0.0,6.26648731334,1.88456530894,0.0,0.51744755369,5.51950166326,-15.7100484794,28.4995449856,23.5263191156,0.0,-0.150737801313,567.517324819,-0.367089742336,882.141713416,259,-38.1993349503
1.4400000000000008,-3.13802708178,-0.917915279033,0.0,6.25917775075,5.38379915941,0.0,-2.64687298279,0.445427642128,-13.8628526864,28.839717789,26.6756390995,0.0,93.3860767366,899.946099286,-0.487933531766,900.10140714,260,-41.2899539759
1.3800000000000008,-4.44837381772,-4.27999194633,0.0,4.51594652874,1.16446879739,0.0,-5.02651636912,-4.33343638971,-15.6317316751,28.8391369849,9.61432821115,0.0,896.668671722,900.060408211,-0.114928925592,900.306383532,261,-67.0454029379
1.2600000000000007,-1.83181970988,0.0855154776001,0.0,1.08084720042,4.55638744555,0.0,-1.47897375878,0.834483296458,-17.1117420937,28.8276580366,28.0536336229,0.0,13.2322035037,899.195381537,0.0682356118375,899.754525578,262,-21.8051833136
1.3200000000000007,-2.72629145095,-2.14783199727,0.0,2.82913720862,4.80824843323,0.0,-1.66847415173,-4.30698494879,-15.8119036195,28.8380756522,18.3447811122,0.0,706.833019746,899.908565174,0.0695008486761,900.026334556,263,-36.0682755785
1.3800000000000008,-2.21040345254,2.22947246511,0.0,4.54881153154,2.10557157647,0.0,-1.46878816046,3.58903469787,-15.734965702,28.8237271685,28.3559850905,0.0,13.6681658847,900.364414131,0.209321716494,899.596029053,264,-46.9729664652
1.3800000000000008,-1.64397364912,1.27845650157,0.0,4.51581996398,5.25421639653,0.0,-0.0159012720224,0.876274293878,-12.4122103628,28.7577569789,25.5429090254,0.0,0.0553201400567,845.174815058,-0.502734372218,898.529518078,265,-41.8225069069
1.3800000000000008,-1.70314472786,1.25901703855,0.0,4.57469977122,5.85371305051,0.0,0.220510380289,0.544259163942,-12.8752330255,28.8132508163,27.1455902922,0.0,0.689220581082,892.767000096,0.288505655379,899.792541689,266,-42.2638594167
1.4400000000000008,-3.73242998234,-1.8038320622,0.0,0.0242052913498,1.07474399936,0.0,-4.16300278536,-3.71005342434,-11.7365301009,28.8136478051,20.7037412723,0.0,691.495199635,900.530057042,-0.137476790137,899.147186818,267,-50.2948235374
1.2000000000000006,-1.90821873912,-1.09835274619,0.0,5.60557030087,3.46174989831,0.0,-3.16087385589,-0.185210609772,-17.8011665121,28.8473244671,27.7057957024,0.0,55.2444403561,900.126874152,0.651186453879,900.311398462,268,-26.0293091145
1.2600000000000007,3.05537252289,-0.00281680961673,0.0,2.58799627627,5.871565687,0.0,3.77625531018,0.428725635498,-15.5255119868,26.6007437058,18.4814418768,0.0,0.327111027172,211.083016878,-0.0483112674318,798.402905456,269,-25.9945535975
1.3800000000000008,0.77041082855,-1.76718373071,0.0,4.55345188338,2.36873758826,0.0,0.0558764049729,-2.17986156292,-17.0363958872,28.7868157565,26.7676370551,0.0,0.592190936126,826.658653108,0.317834399709,897.745610547,270,-19.5827166944
1.3200000000000007,-1.30799646426,1.31773274877,0.0,2.7445791203,6.00225697594,0.0,-0.117344058879,2.00152241381,-18.9036050481,28.8155166739,28.7893837751,0.0,23.0168019184,900.057506841,-0.28424915074,899.385652971,271,-17.660786784
1.5000000000000009,0.182695316701,2.10898094906,0.0,3.74564791779,6.19119080578,0.0,1.21391207689,2.75195962674,-15.5724331187,27.594879082,24.5262895572,0.0,0.231344467019,813.027742135,-0.528534218732,896.970336652,272,-12.9607446288
1.3200000000000007,1.64565689137,-0.488057501119,0.0,2.88907307172,4.38845672205,0.0,1.4643558727,1.55301462124,-13.1554257696,24.3616109648,23.6492416909,0.0,19.8241537902,899.934616372,0.32778035078,900.616389305,273,-30.1140590933
1.2600000000000007,1.84654647507,2.73514266502,0.0,0.955900291007,3.63046299359,0.0,1.91354382936,5.01821670134,-16.5746645064,28.7032137068,26.0622439887,0.0,8.22879215601,899.531298467,0.00836449843876,900.026533535,274,-30.7437601452
1.5000000000000009,2.2205957165,-0.15909077223,0.0,0.659867802361,2.12518658518,0.0,1.44543290543,0.121413343178,-13.6253930228,21.9447091698,14.6219886976,0.0,0.718283990115,419.899697292,0.462760988644,865.533173303,275,-26.8187741637
1.2600000000000007,0.675656177104,-1.86522534857,0.0,1.01453588777,4.29895830675,0.0,-0.20505105701,-2.33705032425,-18.4801259049,28.8371023176,28.7813371937,0.0,2.40470852316,898.974993288,0.354731190543,900.024076372,276,-17.3403624131
1.2600000000000007,1.28275229678,-1.96499147034,0.0,1.00114493142,5.51631722309,0.0,1.52654689406,-3.2611473901,-17.4079478666,28.7860842592,27.3445982424,0.0,1.24048661867,898.554603679,0.0129780279162,900.037193583,277,-22.7392011342
1.4400000000000008,1.89848659645,-1.22725599265,0.0,0.0398428919593,1.66501584123,0.0,2.37284773805,-2.95661273103,-14.9136767563,28.7959527307,27.9129694721,0.0,71.2263222432,900.165447382,-0.503965936219,900.281456581,278,-26.5932453758
1.3800000000000008,3.74125528391,2.53096428456,0.0,6.04960312193,5.31921811864,0.0,3.24468546222,3.44903109813,-14.0241704624,18.0917242417,17.5227982195,0.0,0.204864270298,2.36289227867,-0.341584232538,38.084195492,279,-52.59431747
1.3800000000000008,3.37184350737,-0.236277800557,0.0,2.27443633624,0.294340478621,0.0,1.92291983757,-2.23085018063,-18.2955447042,20.2714331863,16.3762807052,0.0,0.217277680015,14.5066209043,0.0896476162182,220.018058197,280,-36.0984890733
1.620000000000001,-0.157057375596,0.729704708147,0.0,2.58253010176,1.52200656508,0.0,1.2575365611,2.07867210984,-11.2797558998,24.7774157761,24.4248554321,0.0,0.664209649253,895.008030745,-0.223830064647,899.767361923,281,-23.0687816036
1.4400000000000008,-0.914440754046,-0.246185379753,0.0,6.06225675046,2.78561195042,0.0,-1.72089364893,-1.290712866,-18.7558883392,28.8412672823,28.7662294817,0.0,5.45698315218,900.453624175,0.298656935331,900.183572362,282,-8.05069182415
1.560000000000001,2.78507072277,-1.86195216396,0.0,3.78305681169,5.26724034857,0.0,1.49060701767,-5.92697735587,-16.5963773312,20.0992090715,19.9401359143,0.0,-0.392296674132,0.978373257967,-0.0150377145503,15.113463865,283,-34.4134010826
1.3200000000000007,-1.10501972928,2.151338027,0.0,2.56474790629,1.96826496708,0.0,-0.342963557997,3.93503578844,-13.7332575501,28.8230769967,28.2775945415,0.0,9.01169283672,900.204759018,-0.0189761526839,900.184786988,284,-37.4449828561
1.3200000000000007,0.888802711701,1.36282235069,0.0,4.65135648072,3.57225928457,0.0,-0.0901767671945,1.50388288941,-14.0634184472,22.621496108,13.6946424664,0.0,0.0658158057667,229.118079845,0.0643926687624,810.616899421,285,-26.285251727
1.4400000000000008,-3.29827364825,1.29399655011,0.0,5.94477961453,3.65099351653,0.0,-3.64323804801,1.61247744268,-17.8238063587,28.8184187208,28.14694989,0.0,0.167097628487,884.68455493,0.50209625777,899.019662869,286,-48.8431489284
1.4400000000000008,-0.506016412976,1.03670145594,0.0,6.18172501272,1.15988087783,0.0,1.1336432988,2.93944228482,-15.0648655478,27.6474409331,20.8244109708,0.0,0.17682644031,284.688353627,0.0661488144846,834.98133384,287,-21.5165103873
1.3800000000000008,-0.701712413276,1.22237081895,0.0,4.0575082622,1.04480228757,0.0,0.368133936162,1.05051314492,-15.6197928068,28.8376818754,28.7205532892,0.0,5.09805132993,899.968960173,0.284128325614,900.066367526,288,-28.727265185
1.3200000000000007,0.167831660285,-0.801982362855,0.0,4.2398966798,3.21462686252,0.0,-1.53022469966,0.886946435132,-13.2704821185,28.5852696077,27.4810176437,0.0,0.3689505239,878.772229118,-0.0548331765794,898.820391182,289,-16.9000086323
1.3800000000000008,0.0501528677698,1.0574675786,0.0,5.38023369474,4.78234291255,0.0,-1.11968056626,3.29577588894,-14.6484688719,27.8138806932,20.5070459291,0.0,-0.643099550722,362.303172053,-0.36252957573,855.505082591,290,-9.13770234685
1.5000000000000009,1.36489735286,3.28785712389,0.0,1.17993820689,4.34730669213,0.0,1.12649668669,2.14883901581,-18.7091903495,28.8247782576,28.1856323536,0.0,1.40110607141,893.41750912,0.123220100585,900.081563555,291,-35.6580952939
1.3800000000000008,-4.47020123806,2.97573184035,0.0,3.84597683574,0.889046529851,0.0,-2.51492745951,2.36306698964,-14.8259448815,28.8204273955,27.2098444366,0.0,7.76936752401,900.770966612,-0.745544666176,899.498036786,292,-69.7381142327
1.5000000000000009,3.18187882698,-3.17265968844,0.0,5.45782647055,1.7356983935,0.0,3.08295494226,-2.03732515157,-12.6213820229,26.8344417449,21.5202468931,0.0,-0.0130416257866,627.053036943,0.283322971647,888.49149965,293,-69.0604796643
1.3800000000000008,-3.70697603232,-2.03772255822,0.0,3.80345764981,1.01163818747,0.0,-2.28770837819,-2.3965108202,-15.9270284087,28.8259779603,17.9579929079,0.0,618.105293996,900.415164257,0.167863929172,899.684432443,294,-47.893192603
1.3200000000000007,2.4195549165,-2.70194022907,0.0,5.69093644664,1.57040223338,0.0,1.78816140917,-3.50002518217,-17.2518496315,18.2542786197,15.5603095288,0.0,-0.0688225215744,0.7975363419,-0.258150595405,11.0754349299,295,-42.3513209949
1.5000000000000009,-2.63315916235,1.13915339075,0.0,0.777506610111,0.274112761113,0.0,0.0343665849635,0.157227169684,-14.2405603186,28.8157773111,27.1199951654,0.0,134.382386172,900.133872825,0.533439820553,900.219261341,296,-46.8426913676
1.680000000000001,-5.42385429257,0.756053271761,0.0,5.84106156131,1.3170959847,0.0,-4.54514781009,0.183073868422,-14.8083018564,28.8357244027,20.6999013026,0.0,805.017983617,900.479810412,-0.0545129452227,899.886894091,297,-56.2996380552
1.560000000000001,-1.71469039181,-3.34691680228,0.0,2.25271383199,1.08912091672,0.0,-0.148246538345,-2.86080522784,-17.1516511162,28.8274253801,16.4485912312,0.0,811.785084563,900.038235743,0.271797509253,899.766988248,298,-47.5890525833
1.740000000000001,-2.31063744651,-0.145882482384,0.0,1.0357046715,3.84084688873,0.0,-1.87969027414,1.14342185679,-13.9689689677,28.8272534986,23.4255144135,0.0,642.035964739,899.886584437,0.0718375469053,899.964378093,299,-48.5539524616
1.2600000000000007,-2.29945115437,-4.58375363099,0.0,6.03618520624,1.29189137565,0.0,-3.51767576596,-6.84225387085,-18.0098580401,28.8483766132,20.5091050368,0.0,686.064486065,899.810398535,-0.718979428478,900.495535141,300,-49.1148485917
1.3200000000000007,-2.90308811479,-4.99451491941,0.0,1.3041827079,3.70950724377,0.0,-5.3275020204,-6.48277304719,-17.7665994572,28.8268628465,14.8772238944,0.0,667.949401332,899.533177995,0.259584261832,899.726628356,301,-55.4632831007
1.3200000000000007,-1.29356174653,-3.25609356919,0.0,1.22305170283,4.6852356109,0.0,-1.36492322076,-2.27492189669,-16.5189489088,28.8274410952,27.0174850797,0.0,76.5707317862,899.725967331,-0.497673785843,899.694985895,302,-41.6724283466
1.3200000000000007,-2.31199385921,-1.06448098367,0.0,1.09375038714,1.99230219195,0.0,-1.63778832764,0.460985632784,-15.851644598,28.8284685185,19.1271871787,0.0,867.297831119,899.682180135,0.0840170998294,899.733985633,303,-32.3496788436
1.3800000000000008,-2.04766141742,-0.388339821429,0.0,2.67995188993,0.0161066583368,0.0,-0.375698182126,1.34937351876,-14.2801887056,28.8537069129,26.660647432,0.0,6.01023173552,900.560339755,-0.0106690246526,900.621039736,304,-38.1128491355
1.2000000000000006,-0.312364414203,-1.83280076659,0.0,3.63282610415,0.951050429872,0.0,0.82169883808,-0.786619990309,-19.0710175289,28.8418404939,28.7512626368,0.0,36.6700915842,899.530352537,-0.50456329837,900.193643374,305,-19.3349251903
1.4400000000000008,-0.872238773809,0.67750599133,0.0,3.62371731172,5.11304932104,0.0,-1.08509699232,0.310509814342,-14.741065042,27.6079067548,21.1207117721,0.0,0.171400116838,412.721899931,0.371165220417,866.551191126,306,-20.0964836775
1.3800000000000008,-0.468871849748,2.21871240169,0.0,0.0929908763955,1.25223748878,0.0,1.25797421036,3.6739788598,-16.425556261,26.9867239946,24.6913504559,0.0,0.212061596223,848.126196829,0.0882218193942,898.059228596,307,-20.5656920639
1.3200000000000007,-2.32860790574,-0.25856081895,0.0,0.0679056642231,0.912472842574,0.0,-0.863534402671,-1.28452450798,-13.0675766513,28.8314072435,26.5978989443,0.0,414.867233276,899.845751831,-0.194195983971,899.969185521,308,-29.1834622543
1.560000000000001,-0.446249390891,-0.108765383789,0.0,4.04789259203,1.64641370355,0.0,0.394288942878,0.660163052466,-14.5429222892,27.116937265,26.4021271152,0.0,1.56312791425,900.056427214,0.0801166089248,899.469828685,309,-16.78530483
1.3800000000000008,-2.66055290972,-0.946524152515,0.0,1.44564935634,5.75057294212,0.0,-2.36435120209,0.885334518798,-16.2267699515,28.8477230673,27.3585230128,0.0,349.323055469,900.203660515,-0.384185946678,900.378523832,310,-34.4099307859
1.4400000000000008,-1.87740286127,-0.9588963753,0.0,3.02231671318,6.18404552985,0.0,-0.621907437209,-1.05917097998,-18.1163562209,28.8212099524,28.7090825547,0.0,4.02464087041,899.986709643,0.404380149346,899.454473865,311,-27.1071327857
1.5000000000000009,-1.8159374325,-0.870975590468,0.0,4.60707123655,0.215648665193,0.0,-0.561567634694,-1.21493589501,-14.0900269865,28.8047127906,25.5738833475,0.0,-0.0463262732785,887.994093583,-0.923103986337,898.892180218,312,-30.6190999885
1.3800000000000008,-1.71271225233,-1.1027429196,0.0,0.89233941911,3.75795227498,0.0,-0.032672329702,-3.1771306788,-15.0760425419,28.8345757956,26.0521371979,0.0,71.7544214055,899.98570146,0.0929978304762,899.871060779,313,-29.5789490655
1.3200000000000007,-3.42820734638,-0.695352460521,0.0,5.40621371252,6.07478721565,0.0,-1.40460127422,1.59622669549,-14.7542618984,28.8439356861,25.999856784,0.0,85.1176237721,899.595623894,0.00273736042003,900.332802731,314,-41.1083876942
1.3800000000000008,-3.65195896248,-0.413846801232,0.0,0.764885003972,4.77781924523,0.0,-3.48861538143,-0.574066622091,-17.3969464242,28.8320911412,27.5602993783,0.0,29.9005289204,900.135497919,-0.22603137692,899.873116462,315,-39.3797056771
1.3800000000000008,-1.33250800229,-1.4461192714,0.0,0.509239171876,6.14466439123,0.0,1.23843517911,0.792687026332,-14.9416239096,28.8103724769,27.7872235166,0.0,133.463365646,900.366581387,0.976194347826,899.338315873,316,-38.0243717117
1.3200000000000007,-2.92239366789,-1.28177456379,0.0,4.94407023597,2.61921106425,0.0,-4.08827706101,-0.88598332636,-14.869865197,28.844870773,26.7090652111,0.0,241.831841528,900.440497484,-0.324300626362,900.27643073,317,-40.1802015405
1.3200000000000007,-2.24516416559,1.01742025226,0.0,4.67225803696,1.90201464737,0.0,-1.52773936757,2.04547001263,-16.8420416696,28.8115140866,28.7599363963,0.0,9.49038846697,900.036863754,0.0585442322939,899.2358457,318,-32.3397744949
1.2600000000000007,-1.75589115659,2.4943829066,0.0,4.13565605076,3.21039309783,0.0,-2.17589063372,4.15120454651,-16.291105512,28.384470342,26.7874589225,0.0,0.18844993045,885.088212644,-0.235009754264,899.672035842,319,-33.0530962447
1.2600000000000007,-1.17706815487,2.61753241413,0.0,0.520635313714,3.72458731222,0.0,-0.922018616967,4.16729595076,-17.8717177379,28.0389439055,26.382901856,0.0,-0.471518979125,877.341993841,0.605774990561,899.380672825,320,-32.2507038989
1.3800000000000008,-3.73476716849,4.03261130569,0.0,2.1482550006,1.98403566364,0.0,-3.85015804599,7.34102271531,-12.9523329009,27.4123957296,24.7616167673,0.0,1.27588366501,900.197445614,-0.38537259323,900.051144607,321,-62.6213811346
1.560000000000001,-1.18001108988,3.25937967711,0.0,4.74373993085,2.76496433944,0.0,-0.963060187092,0.702628447102,-12.7169072403,18.1270275152,17.2587326048,0.0,-0.442911650168,2.51992346493,0.111529581258,48.3784324849,322,-62.7026778749
1.620000000000001,-0.452345694809,3.8332991872,0.0,1.09518012335,5.25204911281,0.0,1.42830894518,3.81845685134,-16.029141338,27.625069484,23.6593016461,0.0,-0.113929450253,732.096512653,0.127193047093,894.342779915,323,-44.4303013611
1.620000000000001,0.930579029083,-1.28903158849,0.0,3.09240721907,3.99616987856,0.0,0.623446591811,-1.35350706446,-13.0099441669,28.1629534048,26.8635002317,0.0,12.6796064445,900.071530728,0.570164454866,899.769074545,324,-16.5617671726
1.5000000000000009,1.17694005778,0.752718445011,0.0,6.20746855989,5.26979077187,0.0,2.0653832777,1.29007097666,-14.4549457361,23.7294211841,16.5218177077,0.0,0.0298668883629,314.624858499,0.21320038769,848.289426826,325,-7.06883353977
1.740000000000001,3.97361665685,2.22659343053,0.0,3.68955374432,1.54468904263,0.0,2.73538017855,3.76252055603,-13.8084042083,24.7779849001,14.8197695191,0.0,-0.69500580827,99.7679555857,-0.222907422693,694.096555933,326,-72.6123092147
1.560000000000001,4.7022509606,-1.41231848112,0.0,6.05954225443,1.59017230969,0.0,2.64938735182,-2.32263911198,-15.4352334873,19.6087047045,11.6151209994,0.0,0.0763345514081,172.245782887,0.0806393389756,784.301190804,327,-64.3019453924
1.620000000000001,2.25461017047,-0.516822783994,0.0,2.50179546242,5.1752167355,0.0,1.41963831626,-1.71583084019,-13.9670035523,26.644041415,23.771717601,0.0,-0.141364625515,791.918236697,0.48039554879,896.824278041,328,-38.7183697012
1.5000000000000009,-0.875046358468,-1.14892843199,0.0,2.55321772262,5.98224585524,0.0,0.0270513610076,-0.321543746088,-17.5003143869,28.8428507869,28.8276646819,0.0,28.0638064655,900.206148159,0.134162097811,900.222246606,329,-18.4054925818
1.680000000000001,-2.68259117067,-6.86729821888,0.0,1.47341613117,1.85966654031,0.0,-2.6359956468,-8.73993755556,-13.8546978605,28.8375145139,16.739963506,0.0,443.744719635,900.584502571,-0.295153693637,900.014394002,330,-77.536165822
1.5000000000000009,-2.10197276111,-2.52521498965,0.0,2.45549814604,5.68751403511,0.0,0.875747251754,-1.29005520262,-15.6314004643,28.8400898741,18.9718752155,0.0,693.925048105,899.852468505,-0.155598966293,900.14052978,331,-37.3333669389
1.620000000000001,-0.795414417361,-7.90164387252,0.0,5.83664206315,4.81187655204,0.0,-0.308948782824,-8.83132675851,-13.8547973751,28.8393538227,15.7340890944,0.0,899.407631125,899.565745096,-0.0992441939691,900.269644251,332,-78.0884646974
1.3200000000000007,-0.207155309065,-4.54650336142,0.0,3.4686177361,5.23258713276,0.0,0.270519137029,-6.20448950459,-16.159246981,28.8336725539,28.5341405767,0.0,1.96455332759,899.826681333,-0.234936288397,899.887762944,333,-40.9042343822
1.2600000000000007,0.702969676275,-3.9983931784,0.0,1.67689578074,4.11317892861,0.0,0.263125944969,-6.38816052439,-18.9229256234,28.8219412692,28.8098610698,0.0,2.51214481959,899.825351973,-0.246790160703,899.554329993,334,-33.417328333
1.3200000000000007,0.969010692796,-1.87632807625,0.0,5.48173343173,5.13811791929,0.0,1.27915008613,-1.54850543462,-18.4359134748,27.8216572793,20.4694793214,0.0,-0.742056073228,476.099897044,0.170486534253,876.796016682,335,-23.5272053926
1.560000000000001,5.1876761791,0.838077795915,0.0,4.43543992594,4.35248463734,0.0,4.36989272819,2.5734909484,-13.0677593092,15.733987433,13.0116450095,0.0,0.061703027064,15.5555101665,-0.245257797403,262.594992451,336,-64.8832939597
1.5000000000000009,3.03470615413,-2.7066276536,0.0,3.25961188035,4.32660975904,0.0,1.83568144093,-2.76128020207,-14.9493712258,23.1528198596,12.0369617941,0.0,0.723405076986,100.104706714,0.0116757185744,698.125806301,337,-54.0236070934
1.680000000000001,3.53866051286,5.40195339966,0.0,4.80655428071,2.99706720218,0.0,3.69835455927,5.45407192736,-12.4702648501,15.0199935139,11.7454203395,0.0,-0.0947990836693,3.03125456076,0.00516683330968,56.4589740433,338,-90.866552125
1.2000000000000006,0.35089295778,0.568664347669,0.0,2.50885040107,5.76191933818,0.0,0.785762986359,2.11728650132,-17.4274992248,28.2954619161,26.4443116916,0.0,1.32605621969,894.802404657,0.207900284952,899.408520632,339,-9.97651514953
1.4400000000000008,-0.418626368319,3.88087201655,0.0,2.9597516462,5.9568886958,0.0,0.553891557553,7.8488986636,-15.3689365384,23.8830516749,16.7031657468,0.0,-0.233831245803,328.959914397,0.622328806956,853.923956297,340,-25.076423175
1.5000000000000009,2.04845244587,0.571714649763,0.0,4.83867558776,4.43082745097,0.0,1.92148033011,0.743786436537,-15.2417212741,11.1725101349,10.574513792,0.0,0.0503793857049,4.45432032816,0.176556772678,87.6177048126,341,-25.1674742723
1.3800000000000008,1.30778818154,-2.37621601598,0.0,3.7423488668,0.0806892872439,0.0,0.483120539885,-2.32732873945,-15.8928893722,20.5470297498,18.7446230325,0.0,-0.158122884383,13.7981762065,-0.0781407296614,231.945029323,342,-30.0968994399
1.3200000000000007,0.826242937984,-2.74795403867,0.0,3.0315001289,6.11911470279,0.0,1.42896731174,-3.44982999975,-18.5084280642,28.8233980954,28.6919064883,0.0,1.25170469412,893.37567002,0.17725952836,899.739009887,343,-20.0526516245
1.2600000000000007,-0.0552082619765,-0.896213712984,0.0,1.13976731108,4.30103029371,0.0,-0.474856276541,-1.37585083982,-19.2577850148,28.7961793451,28.1935335987,0.0,0.1932118058,868.006284676,0.0516874903499,898.606399889,344,-7.67753227109
1.2600000000000007,-0.593586331254,1.99107531191,0.0,1.13326978693,3.98938559801,0.0,0.276559273315,3.58005775942,-15.2591602836,28.7515993127,27.4337056203,0.0,0.400655689122,898.857537134,-0.155928355972,900.661896982,345,-28.9465252923
1.620000000000001,-2.74620081577,-0.636984795361,0.0,4.93059579285,1.93755822941,0.0,-1.50251296668,-1.3271219034,-15.9865257467,28.8303334345,28.5605501125,0.0,61.3962235676,899.774373594,-0.361969714324,899.834560163,346,-47.6330832809
1.2000000000000006,-1.43320607088,-0.546216409533,0.0,5.02623275809,1.27746041388,0.0,-0.884139937197,-3.15162038938,-18.6775280309,28.8424837016,28.683312197,0.0,113.564775732,899.610937297,-0.148994393534,900.335206087,347,-14.1329509114
1.3200000000000007,-1.64678564701,1.14613468666,0.0,6.22710763324,1.39483330634,0.0,-1.39886359774,-0.863423347785,-14.6147528462,28.8070666436,28.6851832555,0.0,66.011143478,900.691800305,-0.239352986361,899.912763335,348,-24.7623878467
1.2600000000000007,0.590529579734,-4.1296128429,0.0,5.36988558357,1.81054211763,0.0,0.573042262754,-7.7052330769,-18.0163044681,28.8346724221,27.332634088,0.0,376.568867013,899.900366586,0.457103883331,900.034028685,349,-24.96929669
1.5000000000000009,-1.23763353799,1.39415776273,0.0,5.78143185813,3.17281143213,0.0,-0.817198728113,1.53457839521,-18.1314619242,28.7817123609,26.8907600465,0.0,0.723496213518,794.831689096,-0.165416165657,897.05864529,350,-25.664547834
1.3200000000000007,-1.13005269816,1.2561736923,0.0,0.0279208017303,3.9141651383,0.0,-1.8928602771,2.80771409656,-17.8306019696,27.3828840379,26.6520203631,0.0,0.941781735736,897.278695128,-0.22366186994,900.599308495,351,-15.2776647776
1.3800000000000008,0.259831361744,2.54027711413,0.0,0.620008897636,1.52052838252,0.0,1.06088800811,3.37774076567,-13.6240571746,27.7916214068,23.0894740833,0.0,0.764921732563,898.673272578,-0.191768609416,899.147710773,352,-22.9763316551
1.5000000000000009,0.527360926998,-3.21653272865,0.0,4.5042005193,0.0103930657101,0.0,1.39825749767,-8.45576188704,-14.7544492517,28.8437273265,28.8048097453,0.0,3.29142261828,899.558626603,0.462667049872,900.289433453,353,-18.2340194265
1.5000000000000009,1.00797538621,7.36692065474,0.0,4.5677826408,0.652389033778,0.0,1.74483826213,8.65386827613,-14.4350244109,25.3194082288,17.63968094,0.0,0.485870500535,187.040914132,-0.208783165877,799.705640754,354,-69.633437635
1.8000000000000012,3.4546737554,3.98459087731,0.0,6.19585159439,4.06510377985,0.0,1.85793506715,3.29469711446,-12.8252557449,13.0664532502,11.7774075803,0.0,0.211290048263,0.514207876318,-0.474007829289,5.73636504727,355,-81.0925805215
1.4400000000000008,1.80273500135,-3.76051009236,0.0,2.13574625591,4.37726332242,0.0,1.47508471177,-6.94619087575,-16.8953761768,28.8285974929,28.3924039114,0.0,-0.382986093658,877.844461457,-0.340697059011,899.670259922,356,-33.2960551989
1.680000000000001,-1.05118181491,-0.0917769041357,0.0,3.51319179812,3.97453958067,0.0,0.129945179281,-0.942938480282,-11.5871034497,20.1006522153,19.9439614293,0.0,0.450510780663,-0.0242043527517,-0.0622923932722,15.2442184461,357,-30.312418351
1.3800000000000008,5.13961308965,-1.00080298791,0.0,4.85065553102,5.99200610313,0.0,3.59104891774,-2.24880927526,-16.7194265991,18.0402786067,15.76027266,0.0,0.163719589729,0.256450292807,-0.0509264532209,0.232636808556,358,-51.5246776552
1.3800000000000008,0.697825486274,3.09425974074,0.0,1.72359005448,1.92309863995,0.0,0.684848986551,3.26527552363,-16.3233232539,16.5489134649,15.4982388927,0.0,-0.499359331197,0.196286418114,-1.04511582261,11.2311343709,359,-27.4606071921
1.2000000000000006,1.3999283209,0.774443199666,0.0,4.0456201419,2.03298233701,0.0,1.76514241025,1.57967871544,-17.6360591916,16.119005266,15.5340946354,0.0,-0.306836424919,10.8043592335,-0.128230311373,208.070727056,360,-14.4205006379
1.560000000000001,1.61303473584,-1.20375467148,0.0,2.39652130202,2.23528879918,0.0,1.77806163396,0.56684261123,-11.5549242901,28.7043899695,28.4725483615,0.0,2.41914238974,899.843918827,-0.124044187401,899.862819292,361,-28.2049193776
1.620000000000001,1.44429798051,0.87106752687,0.0,2.29424472764,1.82529806112,0.0,2.28365823914,0.826023479125,-12.2192378656,26.9916988882,23.695349158,0.0,-0.0789533218992,847.65086077,0.203630770079,898.710216315,362,-26.2215562958
1.4400000000000008,-0.971332320502,-0.194029793805,0.0,0.247968464969,4.54543247734,0.0,-1.09565132203,2.96832347525,-18.1202269882,28.813454226,27.7184378036,0.0,0.0133178463282,843.07689044,0.043361816262,898.753640126,363,-10.4215985172
1.620000000000001,0.175324991102,-3.03305834165,0.0,4.89900301842,0.777134439016,0.0,0.977404224979,-5.9310061029,-15.2739295576,28.838774498,28.7056547253,0.0,32.7645674678,899.737999554,-0.158941992962,900.139692015,364,-20.9077379059
2.4000000000000017,0.0837929451508,-0.447604382752,0.0,3.77836304238,4.86129786178,0.0,0.0543747913083,0.774406204303,-11.9804955634,24.2642993599,17.5489989185,0.0,-0.155157129473,434.289750913,-0.736086256695,873.630452619,365,-33.4466623583
1.740000000000001,2.65593494269,1.57886645744,0.0,2.61697313272,3.59219914323,0.0,3.41682555588,2.2803454959,-10.8950953014,28.0254935327,23.6199605009,0.0,0.763627621139,853.702459151,-0.565084548345,898.828719467,366,-37.2411069328
1.2600000000000007,0.400397292303,-2.65999606749,0.0,0.385256699661,1.31329907925,0.0,0.928967554481,-3.81092937582,-16.0381957008,28.7795709572,27.2091529607,0.0,37.5066183382,900.304361847,-0.433497897563,900.01084773,367,-17.546530933
1.4400000000000008,0.0464529858833,1.83423960676,0.0,0.692449068484,1.51578887556,0.0,-0.307114011051,1.06717107462,-16.074270812,24.9367422523,22.2899440956,0.0,-0.303043980781,777.699449506,-0.106315855148,897.000702945,368,-21.695149803
1.8600000000000012,0.671426745016,-3.91542555863,0.0,5.42259680359,4.22130190088,0.0,1.16542285007,-0.920933275303,-11.6796743205,28.7984552393,27.224162527,0.0,0.526776304855,820.454985681,0.016500396161,897.909928173,369,-49.6478797754
1.5000000000000009,-0.324754380203,-1.68691217034,0.0,4.1528455839,3.10951015166,0.0,-0.289513456756,-1.20801138817,-14.9918500763,20.6085291264,19.8948256261,0.0,-0.354904339769,10.9657887821,0.317807922069,216.576520679,370,-17.752527427
1.3200000000000007,-0.220208269571,-3.01135201829,0.0,5.51034103587,3.76709748723,0.0,-0.481707216903,-1.39371701399,-16.8387436024,28.8157813918,27.885927865,0.0,0.525209277011,864.426479036,0.566600347404,899.073443738,371,-17.0023874466
1.3800000000000008,1.05897152701,-3.02416905993,0.0,1.13937988552,4.54324678748,0.0,0.779066060134,-3.31613919996,-17.8358391541,28.8149872724,28.7609253624,0.0,0.388288324229,896.996480536,-0.609856163273,899.245221673,372,-21.780717792
1.2600000000000007,0.155366770921,-2.64574951139,0.0,2.81683467534,5.79535095548,0.0,0.889816182492,-5.92919285939,-17.7904245861,28.7914203878,27.8469881285,0.0,5.82115479037,900.201966679,0.211890683524,899.432880831,373,-11.2992516069
1.3800000000000008,-1.79007770153,-0.54379629737,0.0,3.36470355827,3.1834129034,0.0,-1.07547108736,0.646198206102,-18.4632442979,20.9781522233,20.0204159311,0.0,-0.284061035542,16.0362117679,-0.380989097315,282.097073821,374,-17.4390830376
1.3800000000000008,1.44261910513,-1.0169106191,0.0,1.38717962726,1.23112625875,0.0,1.30591245956,-1.81543011312,-17.694432327,15.6180497683,15.0697943317,0.0,-0.0778497853097,3.75706790574,-0.848816260959,87.5970672247,375,-17.9723899988
1.3800000000000008,0.525266160841,-3.99624338678,0.0,4.76773502115,1.58757492452,0.0,0.87909043132,-7.05057802635,-17.3705145097,28.842009322,28.247434845,0.0,200.728029904,900.021626121,0.0831803039132,900.282686568,376,-20.4868744792
1.2600000000000007,0.52186210679,-0.448414519704,0.0,1.96298879175,3.76981616204,0.0,0.268707803767,-0.92671714985,-17.6039457714,26.5792903027,15.6955992047,0.0,-0.681073367313,208.162918037,-0.116348195245,815.814240183,377,-2.42432202869
1.4400000000000008,1.20488347685,1.69356662921,0.0,2.70009955431,3.80009600761,0.0,1.89419933337,2.42070541048,-13.359961572,27.16930459,19.6436487139,0.0,0.0663390642921,525.824779214,-0.184154164042,883.157948898,378,-20.2291371739
1.560000000000001,-0.139426332472,0.277746948283,0.0,4.25462422424,0.542465875535,0.0,-0.333695950628,-1.14621539932,-15.4577494828,24.7322029369,20.2383757522,0.0,-0.246585903304,701.500343785,0.398574639803,893.763812439,379,-13.7461846146
1.3200000000000007,-0.162481058442,-0.389283240267,0.0,3.16207338587,0.229062605226,0.0,0.723263937212,-0.0761347380582,-17.2668177175,19.3815464468,18.5894069009,0.0,-0.426600224193,1.39540586896,0.0451705527245,19.769893541,380,-4.36976955109
1.620000000000001,0.316418528821,2.01511177771,0.0,3.01689111271,1.46734711286,0.0,0.261966579051,2.42349977057,-11.9831597158,19.9321616456,18.821450269,0.0,0.229902498901,-0.32256697099,-0.541027212496,0.287557067441,381,-20.6297301985
1.3800000000000008,-0.446917916499,0.109563920685,0.0,2.6678672323,4.52565173048,0.0,-0.0512131706059,0.0021326376768,-16.2857191036,27.9107726592,24.4923258242,0.0,0.444560658463,820.684795909,0.394719414007,898.478830084,382,-1.84763038841
1.5000000000000009,0.460807397009,-2.90301049813,0.0,5.74229622122,1.43707318937,0.0,0.730675469698,-7.70852804523,-16.3568279701,28.8322133319,28.7276213781,0.0,50.3468099809,899.584554044,0.160996833126,899.936604551,383,-18.6795025952
1.4400000000000008,0.296145246662,-0.264990778907,0.0,2.62401272844,4.8871746655,0.0,-0.0353415518098,-0.806052705872,-15.0261927585,28.0810107391,24.1398354051,0.0,-0.858222391991,890.103092152,-0.084023219394,899.554765969,384,-3.63543990336
1.5000000000000009,-0.0922276825798,0.12747877349,0.0,5.83820661703,1.50765739819,0.0,-0.480843086886,0.231628524655,-14.1754678339,11.1180868498,2.17949606139,0.0,-0.382266893683,10.7382877019,-0.437492919453,208.045275894,385,-5.86176329271
1.560000000000001,0.00742868477961,-0.00954123212244,0.0,4.05107779073,0.0131486161143,0.0,0.0260289517417,0.621597622387,-12.5361743149,2.13785832783,0.0106523558455,0.0,-0.428690456956,0.52433575178,0.854842439997,1.43196233626,386,-10.5113510929
1.5000000000000009,0.0037644629023,-0.206211592017,0.0,3.27364404196,0.0100851412431,0.0,0.0195953231906,-0.498829821608,-11.8711310576,1.87833989001,0.00830112719305,0.0,-0.368163629185,-0.646700742515,-0.762843644484,-0.0849648251304,387,-6.14721546054
1.5000000000000009,0.00182872011107,-0.232174802901,0.0,2.81678233524,0.00783437340493,0.0,0.0107500494893,-0.644799257818,-12.4900838617,1.65253972151,0.0062644710974,0.0,-0.399021940185,0.435446721571,-0.2848315431,0.674069465857,388,-7.38735854117
1.5000000000000009,0.00131799572301,-0.256473692317,0.0,2.53692805936,0.00823965768513,0.0,0.007406925284,-0.511276860364,-12.8464103244,1.51345127086,0.00658795379207,0.0,0.267243070044,-0.176193818717,0.48155685322,0.00627210169544,389,-8.34488638463
1.5000000000000009,0.000875868167464,-0.328621064726,0.0,2.26100105147,0.00669916101265,0.0,0.00333729569454,-0.410799971206,-13.0663206217,1.37246227551,0.00526889120837,0.0,0.42769398011,-0.897468510366,0.320661199908,0.167927464046,390,-9.57427560747
1.5000000000000009,0.000902949113954,-0.471132924422,0.0,1.98413712471,0.00572217885409,0.0,0.00169810485151,-0.56284952034,-13.2231763593,1.22722401771,0.00450555979981,0.0,0.809460719042,-0.257368537936,-0.366756587617,-0.0723739350775,391,-11.1597053466
1.4400000000000008,0.001034133619,-0.637039590934,0.0,1.59959112069,0.0036774995877,0.0,0.00203579290408,-1.25848855509,-13.2880090962,1.07182329848,0.00296983021826,0.0,0.471330364888,-0.0371774184234,-0.433184504529,-0.270081341553,392,-6.74766888956
1.4400000000000008,0.00118412698312,-0.743749955298,0.0,1.43261379693,0.00306988369262,0.0,0.00281079713366,-1.75928489799,-13.7695452347,0.973881772848,0.00248690976,0.0,-0.230310595401,0.590388387904,-0.624433700459,0.0778854943859,393,-7.83133708468
1.4400000000000008,0.00166739759401,-0.784284295359,0.0,1.36127261881,0.00397214751485,0.0,0.00431938299788,-1.98406774751,-14.0414186444,0.93089017972,0.00331433736056,0.0,0.371204711846,0.807990238617,-0.125998476101,-0.288590692334,394,-8.27732115272
1.4400000000000008,0.00176563649903,-0.843500383718,0.0,1.23539769524,0.00338470997889,0.0,0.00508821330448,-2.37045619585,-14.6251950245,0.853671186896,0.00276140638433,0.0,-0.30041517934,0.202939694738,0.976851984394,-0.422242541552,395,-8.98758962308
1.4400000000000008,0.00190518869989,-0.864793421465,0.0,1.17449068402,0.00334886883266,0.0,0.00576414755823,-2.54318012241,-14.9561026773,0.816164284808,0.00274156772549,0.0,-0.0324385053851,0.147814309248,-0.181718068628,-0.0640797174879,396,-9.3053764877
1.3800000000000008,0.00145312101022,-0.728046653538,0.0,1.06370122592,0.00265112801717,0.0,0.00486166727963,-2.39293289908,-14.7995138649,0.784486320655,0.00221754979347,0.0,-0.275634551277,-0.0803540121084,-0.241626100987,-0.144956745162,397,-2.86071085897
1.3800000000000008,0.00142949507479,-0.72941876021,0.0,0.98632687265,0.00238692612127,0.0,0.00501156160581,-2.50805331972,-15.2432101394,0.733298169194,0.00201111835967,0.0,0.0310105614958,-0.0423966103558,0.923245779456,-0.0420655738668,398,-3.17960812523
1.3800000000000008,0.00130546657864,-0.726193721547,0.0,0.940387201535,0.00206161018139,0.0,0.00467953911811,-2.5576395862,-15.516479604,0.701456948906,0.00172420836141,0.0,-0.314620091756,-0.323204984162,0.056505415674,0.66288201962,399,-3.34995914159
1.3800000000000008,0.00120822811605,-0.714865873787,0.0,0.874954314006,0.00177978717205,0.0,0.0044679940637,-2.60052630518,-15.9210458634,0.656877553839,0.00148464330566,0.0,-0.617257945352,-0.181675823608,-0.0629139060473,0.242426547575,400,-3.57324463461
